1	31 
2	27 
3	7 
4	15 
5	24 
6	22 
7	2 
8	6 
9	29 
10	21 
11	23 
12	10 
13	3 
14	23 
15	8 
16	2 
17	7 
18	24 
19	12 
20	8 
21	13 
22	3 
23	23 
24	5 
25	5 
26	6 
27	14 
28	11 
29	22 
30	25 
31	26 
32	12 
33	4 
34	12 
35	28 
36	28 
37	6 
38	21 
39	5 
40	31 
41	13 
42	25 
43	29 
44	4 
45	25 
46	20 
47	14 
48	18 
49	14 
50	3 
51	30 
52	10 
53	23 
54	19 
55	23 
56	27 
57	8 
58	1 
59	13 
60	17 
61	11 
62	5 
63	11 
64	11 
65	2 
66	14 
67	5 
68	21 
69	10 
70	23 
71	4 
72	29 
73	20 
74	2 
75	29 
76	13 
77	10 
78	25 
79	21 
80	9 
81	5 
82	27 
83	26 
84	21 
85	26 
86	16 
87	14 
88	28 
89	15 
90	13 
91	19 
92	2 
93	2 
94	7 
95	31 
96	14 
97	6 
98	25 
99	5 
100	13 
101	11 
102	23 
103	31 
104	4 
105	31 
106	10 
107	13 
108	31 
109	17 
110	20 
111	30 
112	30 
113	25 
114	8 
115	12 
116	17 
117	29 
118	30 
119	7 
120	25 
121	19 
122	15 
123	3 
124	31 
125	8 
126	15 
127	18 
128	10 
129	20 
130	23 
131	14 
132	9 
133	2 
134	12 
135	22 
136	26 
137	15 
138	27 
139	19 
140	30 
141	24 
142	2 
143	4 
144	19 
145	26 
146	10 
147	25 
148	12 
149	9 
150	27 
151	21 
152	12 
153	24 
154	3 
155	9 
156	15 
157	1 
158	6 
159	27 
160	16 
161	30 
162	23 
163	9 
164	18 
165	6 
166	19 
167	22 
168	8 
169	17 
170	18 
171	31 
172	4 
173	19 
174	11 
175	4 
176	5 
177	22 
178	30 
179	7 
180	1 
181	8 
182	16 
183	25 
184	10 
185	8 
186	30 
187	3 
188	1 
189	7 
190	5 
191	1 
192	5 
193	3 
194	22 
195	21 
196	13 
197	18 
198	16 
199	10 
200	4 
201	2 
202	5 
203	21 
204	1 
205	2 
206	3 
207	10 
208	31 
209	24 
210	25 
211	31 
212	27 
213	6 
214	30 
215	13 
216	14 
217	11 
218	15 
219	8 
220	16 
221	26 
222	2 
223	13 
224	11 
225	23 
226	17 
227	6 
228	30 
229	18 
230	18 
231	20 
232	21 
233	27 
234	13 
235	3 
236	5 
237	24 
238	15 
239	3 
240	9 
241	12 
242	11 
243	10 
244	30 
245	7 
246	6 
247	29 
248	21 
249	13 
250	23 
251	19 
252	26 
253	21 
254	16 
255	20 
256	6 
257	2 
258	13 
259	8 
260	16 
261	10 
262	10 
263	16 
264	28 
265	12 
266	25 
267	14 
268	22 
269	18 
270	31 
271	3 
272	13 
273	10 
274	31 
275	7 
276	24 
277	1 
278	5 
279	30 
280	22 
281	15 
282	30 
283	2 
284	22 
285	24 
286	25 
287	24 
288	28 
289	9 
290	3 
291	21 
292	19 
293	19 
294	13 
295	26 
296	6 
297	4 
298	21 
299	14 
300	5 
301	5 
302	30 
303	13 
304	25 
305	15 
306	4 
307	17 
308	27 
309	18 
310	20 
311	10 
312	17 
313	2 
314	17 
315	3 
316	22 
317	17 
318	14 
319	5 
320	9 
321	16 
322	23 
323	22 
324	20 
325	17 
326	18 
327	6 
328	3 
329	5 
330	27 
331	14 
332	21 
333	15 
334	27 
335	9 
336	30 
337	31 
338	28 
339	11 
340	17 
341	13 
342	15 
343	29 
344	30 
345	15 
346	24 
347	21 
348	20 
349	4 
350	14 
351	29 
352	11 
353	9 
354	30 
355	12 
356	9 
357	29 
358	9 
359	11 
360	18 
361	8 
362	2 
363	11 
364	29 
365	21 
366	12 
367	31 
368	22 
369	6 
370	1 
371	17 
372	12 
373	10 
374	23 
375	15 
376	23 
377	31 
378	2 
379	31 
380	2 
381	16 
382	29 
383	20 
384	25 
385	11 
386	28 
387	16 
388	3 
389	8 
390	15 
391	8 
392	1 
393	15 
394	11 
395	29 
396	17 
397	5 
398	16 
399	19 
400	26 
401	23 
402	3 
403	22 
404	15 
405	15 
406	26 
407	1 
408	28 
409	8 
410	23 
411	6 
412	1 
413	1 
414	20 
415	11 
416	29 
417	16 
418	17 
419	29 
420	30 
421	30 
422	17 
423	13 
424	18 
425	4 
426	8 
427	18 
428	3 
429	27 
430	3 
431	29 
432	28 
433	30 
434	11 
435	30 
436	11 
437	21 
438	29 
439	11 
440	7 
441	13 
442	5 
443	27 
444	11 
445	14 
446	27 
447	24 
448	20 
449	11 
450	28 
451	1 
452	22 
453	29 
454	5 
455	11 
456	12 
457	21 
458	22 
459	3 
460	28 
461	4 
462	30 
463	15 
464	8 
465	13 
466	7 
467	23 
468	16 
469	12 
470	28 
471	12 
472	17 
473	30 
474	11 
475	3 
476	11 
477	23 
478	3 
479	11 
480	29 
481	12 
482	1 
483	25 
484	21 
485	13 
486	12 
487	26 
488	10 
489	12 
490	30 
491	26 
492	2 
493	30 
494	15 
495	19 
496	30 
497	23 
498	2 
499	26 
500	3 
501	19 
502	2 
503	3 
504	29 
505	6 
506	13 
507	28 
508	16 
509	16 
510	23 
511	13 
512	29 
513	29 
514	4 
515	7 
516	26 
517	9 
518	11 
519	17 
520	1 
521	31 
522	12 
523	26 
524	13 
525	3 
526	12 
527	28 
528	23 
529	22 
530	3 
531	31 
532	5 
533	2 
534	20 
535	5 
536	9 
537	6 
538	1 
539	10 
540	19 
541	13 
542	30 
543	9 
544	7 
545	5 
546	23 
547	28 
548	17 
549	26 
550	9 
551	12 
552	10 
553	22 
554	18 
555	2 
556	4 
557	7 
558	3 
559	6 
560	5 
561	15 
562	2 
563	2 
564	28 
565	4 
566	15 
567	21 
568	28 
569	15 
570	28 
571	3 
572	17 
573	19 
574	12 
575	21 
576	11 
577	27 
578	18 
579	15 
580	16 
581	26 
582	22 
583	2 
584	4 
585	5 
586	18 
587	18 
588	17 
589	11 
590	1 
591	6 
592	10 
593	11 
594	24 
595	5 
596	19 
597	26 
598	28 
599	6 
600	3 
601	9 
602	5 
603	22 
604	1 
605	5 
606	2 
607	16 
608	13 
609	13 
610	5 
611	30 
612	4 
613	20 
614	7 
615	27 
616	16 
617	19 
618	9 
619	17 
620	2 
621	16 
622	14 
623	27 
624	26 
625	25 
626	14 
627	24 
628	26 
629	5 
630	25 
631	15 
632	31 
633	6 
634	31 
635	7 
636	4 
637	29 
638	7 
639	26 
640	9 
641	4 
642	8 
643	24 
644	1 
645	28 
646	18 
647	25 
648	13 
649	24 
650	21 
651	22 
652	24 
653	27 
654	19 
655	27 
656	30 
657	11 
658	30 
659	28 
660	27 
661	26 
662	22 
663	11 
664	4 
665	24 
666	4 
667	15 
668	18 
669	22 
670	12 
671	30 
672	28 
673	30 
674	5 
675	27 
676	21 
677	3 
678	12 
679	16 
680	30 
681	14 
682	18 
683	28 
684	30 
685	29 
686	15 
687	13 
688	20 
689	3 
690	12 
691	27 
692	5 
693	29 
694	30 
695	1 
696	31 
697	18 
698	2 
699	29 
700	12 
701	18 
702	23 
703	15 
704	2 
705	26 
706	8 
707	21 
708	31 
709	28 
710	7 
711	4 
712	14 
713	4 
714	4 
715	7 
716	12 
717	15 
718	1 
719	20 
720	6 
721	4 
722	24 
723	8 
724	30 
725	16 
726	22 
727	14 
728	28 
729	13 
730	30 
731	21 
732	8 
733	1 
734	2 
735	31 
736	13 
737	5 
738	21 
739	19 
740	8 
741	21 
742	7 
743	3 
744	19 
745	19 
746	1 
747	20 
748	22 
749	8 
750	11 
751	31 
752	17 
753	31 
754	29 
755	18 
756	16 
757	7 
758	24 
759	22 
760	2 
761	22 
762	7 
763	11 
764	24 
765	13 
766	30 
767	2 
768	8 
769	13 
770	22 
771	2 
772	13 
773	29 
774	26 
775	20 
776	2 
777	8 
778	17 
779	29 
780	12 
781	3 
782	12 
783	17 
784	5 
785	27 
786	20 
787	12 
788	24 
789	20 
790	7 
791	21 
792	27 
793	28 
794	3 
795	12 
796	9 
797	31 
798	21 
799	5 
800	2 
801	25 
802	9 
803	27 
804	30 
805	14 
806	25 
807	17 
808	29 
809	21 
810	20 
811	22 
812	15 
813	25 
814	9 
815	17 
816	3 
817	12 
818	4 
819	21 
820	19 
821	18 
822	7 
823	2 
824	5 
825	14 
826	3 
827	8 
828	11 
829	17 
830	20 
831	3 
832	7 
833	22 
834	23 
835	1 
836	23 
837	26 
838	2 
839	3 
840	28 
841	20 
842	31 
843	9 
844	30 
845	31 
846	28 
847	17 
848	21 
849	17 
850	29 
851	1 
852	2 
853	16 
854	19 
855	29 
856	11 
857	28 
858	2 
859	17 
860	11 
861	15 
862	21 
863	21 
864	12 
865	19 
866	27 
867	22 
868	19 
869	13 
870	5 
871	27 
872	21 
873	4 
874	19 
875	5 
876	4 
877	26 
878	27 
879	30 
880	5 
881	11 
882	2 
883	15 
884	21 
885	19 
886	1 
887	16 
888	27 
889	8 
890	27 
891	28 
892	16 
893	4 
894	5 
895	5 
896	27 
897	30 
898	11 
899	26 
900	5 
901	5 
902	16 
903	30 
904	11 
905	21 
906	12 
907	22 
908	29 
909	31 
910	22 
911	21 
912	30 
913	21 
914	16 
915	12 
916	4 
917	29 
918	29 
919	30 
920	28 
921	17 
922	17 
923	31 
924	27 
925	4 
926	11 
927	12 
928	27 
929	17 
930	5 
931	28 
932	13 
933	29 
934	15 
935	30 
936	13 
937	13 
938	22 
939	28 
940	17 
941	2 
942	12 
943	11 
944	28 
945	28 
946	15 
947	4 
948	11 
949	3 
950	29 
951	13 
952	5 
953	2 
954	28 
955	22 
956	13 
957	12 
958	4 
959	30 
960	30 
961	2 
962	3 
963	28 
964	12 
965	4 
966	2 
967	28 
968	3 
969	4 
970	2 
971	12 
972	11 
973	4 
974	30 
975	2 
976	13 
977	4 
978	4 
979	5 
980	13 
981	4 
982	11 
983	12 
984	28 
985	28 
986	4 
987	30 
988	13 
989	2 
990	5 
991	21 
992	21 
993	21 
994	21 
995	21 
996	13 
997	2 
998	2 
999	13 
1000	21 
