1	5 
2	9 
3	24 
4	21 
5	3 
6	7 
7	23 
8	2 
9	14 
10	1 
11	20 
12	7 
13	7 
14	8 
15	30 
16	15 
17	23 
18	4 
19	9 
20	13 
21	31 
22	24 
23	25 
24	30 
25	19 
26	10 
27	16 
28	9 
29	30 
30	26 
31	25 
32	13 
33	1 
34	30 
35	6 
36	7 
37	19 
38	5 
39	12 
40	8 
41	4 
42	20 
43	19 
44	11 
45	21 
46	12 
47	21 
48	11 
49	19 
50	30 
51	9 
52	5 
53	6 
54	13 
55	21 
56	30 
57	20 
58	20 
59	5 
60	1 
61	19 
62	27 
63	19 
64	20 
65	2 
66	30 
67	14 
68	25 
69	17 
70	24 
71	20 
72	21 
73	4 
74	25 
75	26 
76	29 
77	12 
78	1 
79	18 
80	16 
81	26 
82	16 
83	9 
84	5 
85	3 
86	5 
87	5 
88	14 
89	12 
90	5 
91	12 
92	8 
93	31 
94	1 
95	9 
96	21 
97	17 
98	6 
99	26 
100	15 
101	20 
102	4 
103	22 
104	12 
105	18 
106	10 
107	1 
108	19 
109	20 
110	31 
111	7 
112	3 
113	1 
114	1 
115	4 
116	16 
117	25 
118	25 
119	25 
120	18 
121	28 
122	9 
123	10 
124	4 
125	7 
126	9 
127	1 
128	17 
129	26 
130	29 
131	25 
132	5 
133	8 
134	13 
135	21 
136	10 
137	6 
138	22 
139	8 
140	3 
141	9 
142	1 
143	1 
144	21 
145	8 
146	7 
147	16 
148	14 
149	19 
150	27 
151	14 
152	11 
153	5 
154	23 
155	17 
156	26 
157	16 
158	29 
159	31 
160	3 
161	28 
162	11 
163	27 
164	10 
165	1 
166	17 
167	5 
168	8 
169	22 
170	1 
171	15 
172	4 
173	8 
174	13 
175	7 
176	27 
177	28 
178	8 
179	1 
180	14 
181	5 
182	23 
183	8 
184	30 
185	28 
186	14 
187	5 
188	21 
189	22 
190	9 
191	13 
192	17 
193	20 
194	27 
195	10 
196	20 
197	30 
198	18 
199	26 
200	5 
201	11 
202	1 
203	16 
204	1 
205	18 
206	27 
207	28 
208	6 
209	7 
210	28 
211	6 
212	6 
213	8 
214	20 
215	31 
216	2 
217	22 
218	7 
219	9 
220	1 
221	29 
222	27 
223	2 
224	25 
225	30 
226	15 
227	1 
228	31 
229	3 
230	2 
231	31 
232	9 
233	8 
234	27 
235	4 
236	22 
237	24 
238	1 
239	28 
240	22 
241	28 
242	4 
243	29 
244	23 
245	23 
246	2 
247	27 
248	7 
249	2 
250	20 
251	15 
252	3 
253	14 
254	2 
255	27 
256	1 
257	20 
258	13 
259	11 
260	9 
261	1 
262	8 
263	10 
264	17 
265	1 
266	3 
267	13 
268	31 
269	15 
270	15 
271	15 
272	29 
273	18 
274	6 
275	18 
276	15 
277	12 
278	19 
279	16 
280	26 
281	3 
282	1 
283	3 
284	18 
285	14 
286	21 
287	1 
288	28 
289	7 
290	7 
291	21 
292	19 
293	31 
294	9 
295	4 
296	28 
297	12 
298	18 
299	31 
300	24 
301	1 
302	21 
303	6 
304	17 
305	23 
306	7 
307	19 
308	18 
309	13 
310	6 
311	22 
312	1 
313	22 
314	5 
315	29 
316	28 
317	2 
318	22 
319	21 
320	24 
321	3 
322	19 
323	10 
324	15 
325	15 
326	18 
327	4 
328	4 
329	5 
330	31 
331	20 
332	18 
333	19 
334	1 
335	8 
336	18 
337	15 
338	2 
339	8 
340	15 
341	19 
342	11 
343	12 
344	17 
345	28 
346	31 
347	20 
348	27 
349	12 
350	18 
351	28 
352	25 
353	24 
354	18 
355	23 
356	27 
357	19 
358	31 
359	8 
360	25 
361	12 
362	21 
363	1 
364	31 
365	1 
366	12 
367	14 
368	26 
369	23 
370	23 
371	24 
372	21 
373	1 
374	24 
375	3 
376	1 
377	11 
378	24 
379	15 
380	21 
381	5 
382	30 
383	1 
384	12 
385	11 
386	5 
387	23 
388	3 
389	6 
390	22 
391	12 
392	31 
393	10 
394	17 
395	2 
396	29 
397	11 
398	17 
399	21 
400	20 
401	23 
402	22 
403	13 
404	1 
405	13 
406	3 
407	4 
408	28 
409	24 
410	11 
411	25 
412	23 
413	8 
414	9 
415	25 
416	15 
417	17 
418	13 
419	16 
420	17 
421	28 
422	24 
423	9 
424	2 
425	16 
426	15 
427	7 
428	4 
429	31 
430	9 
431	13 
432	17 
433	17 
434	31 
435	8 
436	9 
437	19 
438	26 
439	24 
440	28 
441	16 
442	22 
443	29 
444	13 
445	5 
446	24 
447	7 
448	3 
449	13 
450	30 
451	20 
452	25 
453	13 
454	27 
455	20 
456	12 
457	12 
458	9 
459	30 
460	28 
461	3 
462	2 
463	7 
464	19 
465	13 
466	19 
467	6 
468	23 
469	8 
470	25 
471	28 
472	25 
473	27 
474	19 
475	12 
476	1 
477	13 
478	1 
479	20 
480	2 
481	8 
482	10 
483	3 
484	29 
485	5 
486	11 
487	20 
488	21 
489	12 
490	10 
491	12 
492	31 
493	31 
494	17 
495	30 
496	29 
497	17 
498	29 
499	18 
500	30 
501	20 
502	11 
503	4 
504	30 
505	31 
506	11 
507	9 
508	22 
509	5 
510	25 
511	20 
512	15 
513	3 
514	22 
515	5 
516	14 
517	28 
518	30 
519	26 
520	16 
521	26 
522	24 
523	8 
524	29 
525	31 
526	10 
527	9 
528	2 
529	31 
530	19 
531	25 
532	24 
533	27 
534	18 
535	1 
536	14 
537	11 
538	21 
539	17 
540	23 
541	21 
542	8 
543	16 
544	5 
545	21 
546	14 
547	8 
548	13 
549	8 
550	19 
551	28 
552	23 
553	29 
554	3 
555	31 
556	5 
557	25 
558	11 
559	25 
560	16 
561	29 
562	17 
563	17 
564	25 
565	7 
566	4 
567	14 
568	8 
569	12 
570	22 
571	8 
572	27 
573	22 
574	14 
575	5 
576	27 
577	1 
578	12 
579	30 
580	29 
581	27 
582	5 
583	11 
584	16 
585	19 
586	8 
587	17 
588	2 
589	19 
590	23 
591	13 
592	11 
593	20 
594	16 
595	23 
596	20 
597	14 
598	30 
599	2 
600	7 
601	15 
602	5 
603	28 
604	22 
605	7 
606	11 
607	21 
608	17 
609	14 
610	11 
611	25 
612	1 
613	3 
614	30 
615	28 
616	3 
617	25 
618	3 
619	8 
620	21 
621	26 
622	29 
623	19 
624	18 
625	18 
626	16 
627	27 
628	30 
629	5 
630	9 
631	14 
632	23 
633	12 
634	17 
635	1 
636	5 
637	24 
638	21 
639	18 
640	18 
641	17 
642	18 
643	7 
644	13 
645	2 
646	26 
647	18 
648	25 
649	13 
650	19 
651	19 
652	26 
653	10 
654	1 
655	20 
656	17 
657	26 
658	24 
659	6 
660	3 
661	22 
662	6 
663	31 
664	12 
665	11 
666	31 
667	23 
668	17 
669	2 
670	27 
671	23 
672	3 
673	18 
674	1 
675	29 
676	22 
677	29 
678	20 
679	26 
680	14 
681	1 
682	1 
683	17 
684	4 
685	4 
686	24 
687	26 
688	30 
689	6 
690	21 
691	7 
692	4 
693	25 
694	19 
695	15 
696	16 
697	28 
698	3 
699	18 
700	3 
701	20 
702	3 
703	12 
704	8 
705	25 
706	2 
707	27 
708	26 
709	18 
710	6 
711	12 
712	8 
713	6 
714	15 
715	8 
716	4 
717	9 
718	25 
719	24 
720	8 
721	18 
722	31 
723	29 
724	1 
725	1 
726	20 
727	10 
728	12 
729	14 
730	3 
731	13 
732	1 
733	31 
734	24 
735	23 
736	15 
737	27 
738	15 
739	27 
740	25 
741	18 
742	12 
743	16 
744	18 
745	12 
746	18 
747	20 
748	23 
749	17 
750	27 
751	3 
752	10 
753	25 
754	8 
755	14 
756	10 
757	29 
758	1 
759	5 
760	3 
761	18 
762	6 
763	20 
764	19 
765	28 
766	9 
767	30 
768	3 
769	21 
770	8 
771	30 
772	9 
773	6 
774	31 
775	16 
776	14 
777	19 
778	13 
779	20 
780	22 
781	16 
782	13 
783	13 
784	6 
785	2 
786	1 
787	27 
788	26 
789	16 
790	10 
791	12 
792	28 
793	25 
794	19 
795	12 
796	6 
797	2 
798	9 
799	13 
800	3 
801	10 
802	6 
803	5 
804	24 
805	7 
806	25 
807	3 
808	19 
809	29 
810	18 
811	16 
812	26 
813	31 
814	3 
815	17 
816	6 
817	14 
818	18 
819	30 
820	21 
821	3 
822	19 
823	24 
824	10 
825	10 
826	6 
827	29 
828	23 
829	24 
830	20 
831	23 
832	1 
833	20 
834	9 
835	25 
836	10 
837	2 
838	15 
839	12 
840	18 
841	7 
842	9 
843	17 
844	9 
845	20 
846	29 
847	25 
848	12 
849	5 
850	20 
851	21 
852	19 
853	17 
854	13 
855	18 
856	10 
857	20 
858	28 
859	21 
860	2 
861	2 
862	18 
863	5 
864	15 
865	25 
866	8 
867	7 
868	15 
869	10 
870	10 
871	12 
872	24 
873	9 
874	18 
875	9 
876	2 
877	25 
878	17 
879	28 
880	28 
881	28 
882	2 
883	20 
884	15 
885	20 
886	8 
887	9 
888	5 
889	25 
890	2 
891	21 
892	1 
893	18 
894	15 
895	1 
896	9 
897	1 
898	31 
899	20 
900	5 
901	31 
902	20 
903	9 
904	19 
905	21 
906	19 
907	1 
908	25 
909	13 
910	20 
911	1 
912	17 
913	25 
914	19 
915	21 
916	19 
917	18 
918	25 
919	28 
920	28 
921	13 
922	31 
923	9 
924	21 
925	18 
926	3 
927	1 
928	8 
929	3 
930	31 
931	19 
932	13 
933	1 
934	31 
935	8 
936	25 
937	18 
938	25 
939	28 
940	13 
941	13 
942	1 
943	5 
944	5 
945	31 
946	17 
947	9 
948	5 
949	1 
950	13 
951	12 
952	9 
953	1 
954	25 
955	28 
956	12 
957	25 
958	31 
959	5 
960	1 
961	12 
962	25 
963	3 
964	12 
965	18 
966	31 
967	3 
968	1 
969	1 
970	18 
971	9 
972	1 
973	18 
974	20 
975	8 
976	20 
977	1 
978	9 
979	1 
980	9 
981	1 
982	3 
983	1 
984	18 
985	9 
986	18 
987	9 
988	25 
989	9 
990	20 
991	1 
992	1 
993	3 
994	3 
995	3 
996	25 
997	3 
998	3 
999	25 
1000	25 
