1	5 
2	5 
3	3 
4	5 
5	24 
6	17 
7	22 
8	24 
9	16 
10	20 
11	4 
12	15 
13	2 
14	12 
15	12 
16	23 
17	21 
18	11 
19	14 
20	11 
21	5 
22	21 
23	1 
24	8 
25	2 
26	26 
27	5 
28	19 
29	11 
30	1 
31	3 
32	13 
33	19 
34	29 
35	11 
36	23 
37	7 
38	25 
39	13 
40	29 
41	5 
42	13 
43	15 
44	16 
45	3 
46	15 
47	6 
48	25 
49	16 
50	18 
51	4 
52	9 
53	5 
54	25 
55	21 
56	4 
57	3 
58	24 
59	17 
60	8 
61	6 
62	28 
63	13 
64	14 
65	9 
66	6 
67	9 
68	20 
69	8 
70	16 
71	25 
72	19 
73	7 
74	11 
75	21 
76	5 
77	14 
78	4 
79	22 
80	3 
81	23 
82	26 
83	3 
84	6 
85	3 
86	11 
87	6 
88	12 
89	27 
90	21 
91	25 
92	5 
93	7 
94	14 
95	4 
96	11 
97	12 
98	20 
99	23 
100	25 
101	5 
102	13 
103	4 
104	29 
105	29 
106	5 
107	15 
108	29 
109	5 
110	9 
111	3 
112	27 
113	25 
114	14 
115	5 
116	6 
117	10 
118	1 
119	18 
120	13 
121	4 
122	5 
123	17 
124	27 
125	7 
126	18 
127	22 
128	8 
129	29 
130	20 
131	12 
132	2 
133	2 
134	2 
135	16 
136	10 
137	1 
138	3 
139	8 
140	22 
141	17 
142	12 
143	4 
144	14 
145	14 
146	12 
147	24 
148	10 
149	9 
150	10 
151	5 
152	5 
153	17 
154	4 
155	8 
156	14 
157	7 
158	26 
159	24 
160	14 
161	24 
162	2 
163	6 
164	5 
165	26 
166	11 
167	2 
168	29 
169	28 
170	27 
171	18 
172	3 
173	1 
174	11 
175	26 
176	24 
177	18 
178	16 
179	19 
180	18 
181	4 
182	11 
183	19 
184	11 
185	7 
186	6 
187	4 
188	2 
189	25 
190	24 
191	22 
192	11 
193	6 
194	16 
195	7 
196	23 
197	22 
198	8 
199	19 
200	4 
201	10 
202	15 
203	12 
204	6 
205	24 
206	29 
207	11 
208	22 
209	4 
210	9 
211	12 
212	20 
213	7 
214	19 
215	4 
216	13 
217	18 
218	24 
219	17 
220	22 
221	1 
222	17 
223	20 
224	14 
225	25 
226	21 
227	28 
228	7 
229	8 
230	4 
231	29 
232	18 
233	3 
234	11 
235	17 
236	14 
237	6 
238	17 
239	15 
240	27 
241	19 
242	4 
243	21 
244	29 
245	5 
246	6 
247	28 
248	29 
249	29 
250	12 
251	19 
252	15 
253	4 
254	6 
255	29 
256	15 
257	27 
258	11 
259	23 
260	22 
261	3 
262	29 
263	18 
264	10 
265	3 
266	16 
267	17 
268	10 
269	4 
270	16 
271	10 
272	21 
273	19 
274	21 
275	16 
276	5 
277	23 
278	23 
279	15 
280	14 
281	5 
282	24 
283	6 
284	22 
285	13 
286	15 
287	14 
288	25 
289	22 
290	12 
291	7 
292	9 
293	29 
294	24 
295	10 
296	16 
297	3 
298	20 
299	1 
300	4 
301	4 
302	22 
303	22 
304	16 
305	16 
306	12 
307	3 
308	14 
309	9 
310	4 
311	6 
312	21 
313	25 
314	6 
315	28 
316	23 
317	19 
318	28 
319	2 
320	20 
321	29 
322	11 
323	23 
324	28 
325	26 
326	9 
327	12 
328	29 
329	2 
330	10 
331	15 
332	5 
333	22 
334	29 
335	11 
336	18 
337	21 
338	18 
339	22 
340	3 
341	5 
342	18 
343	4 
344	9 
345	16 
346	24 
347	4 
348	12 
349	29 
350	24 
351	26 
352	11 
353	9 
354	22 
355	12 
356	4 
357	6 
358	2 
359	15 
360	11 
361	22 
362	1 
363	26 
364	15 
365	29 
366	29 
367	7 
368	8 
369	8 
370	19 
371	22 
372	27 
373	17 
374	18 
375	18 
376	5 
377	4 
378	2 
379	11 
380	9 
381	4 
382	16 
383	17 
384	8 
385	29 
386	8 
387	21 
388	3 
389	6 
390	13 
391	20 
392	19 
393	11 
394	13 
395	4 
396	28 
397	20 
398	25 
399	4 
400	4 
401	10 
402	1 
403	12 
404	16 
405	20 
406	21 
407	19 
408	12 
409	12 
410	25 
411	22 
412	3 
413	19 
414	3 
415	12 
416	1 
417	20 
418	16 
419	16 
420	6 
421	18 
422	12 
423	8 
424	12 
425	9 
426	13 
427	22 
428	13 
429	5 
430	5 
431	21 
432	12 
433	24 
434	28 
435	14 
436	12 
437	15 
438	26 
439	18 
440	23 
441	16 
442	27 
443	1 
444	6 
445	6 
446	4 
447	2 
448	26 
449	16 
450	25 
451	12 
452	22 
453	2 
454	10 
455	26 
456	24 
457	22 
458	19 
459	13 
460	6 
461	23 
462	12 
463	23 
464	21 
465	7 
466	11 
467	29 
468	3 
469	22 
470	28 
471	19 
472	27 
473	26 
474	8 
475	15 
476	25 
477	10 
478	15 
479	17 
480	12 
481	18 
482	26 
483	16 
484	2 
485	4 
486	4 
487	29 
488	21 
489	1 
490	9 
491	22 
492	3 
493	4 
494	13 
495	29 
496	22 
497	22 
498	9 
499	14 
500	23 
501	3 
502	9 
503	21 
504	18 
505	15 
506	20 
507	13 
508	14 
509	3 
510	6 
511	7 
512	6 
513	24 
514	25 
515	17 
516	12 
517	15 
518	2 
519	7 
520	10 
521	11 
522	15 
523	1 
524	15 
525	13 
526	23 
527	10 
528	5 
529	3 
530	8 
531	17 
532	29 
533	27 
534	19 
535	28 
536	13 
537	9 
538	9 
539	14 
540	15 
541	7 
542	2 
543	19 
544	8 
545	17 
546	13 
547	28 
548	23 
549	25 
550	10 
551	5 
552	21 
553	25 
554	16 
555	23 
556	25 
557	19 
558	6 
559	7 
560	4 
561	5 
562	8 
563	21 
564	11 
565	18 
566	29 
567	6 
568	6 
569	25 
570	22 
571	12 
572	25 
573	6 
574	29 
575	9 
576	18 
577	9 
578	19 
579	14 
580	3 
581	3 
582	24 
583	25 
584	16 
585	7 
586	4 
587	2 
588	9 
589	6 
590	17 
591	12 
592	11 
593	23 
594	28 
595	1 
596	5 
597	7 
598	23 
599	11 
600	11 
601	16 
602	11 
603	6 
604	23 
605	18 
606	18 
607	5 
608	2 
609	25 
610	10 
611	15 
612	29 
613	23 
614	4 
615	10 
616	29 
617	6 
618	16 
619	15 
620	5 
621	14 
622	26 
623	11 
624	21 
625	26 
626	25 
627	25 
628	24 
629	15 
630	14 
631	18 
632	16 
633	19 
634	21 
635	16 
636	7 
637	17 
638	23 
639	18 
640	14 
641	14 
642	19 
643	23 
644	1 
645	21 
646	1 
647	25 
648	5 
649	13 
650	11 
651	6 
652	24 
653	13 
654	3 
655	12 
656	6 
657	23 
658	20 
659	18 
660	2 
661	15 
662	22 
663	20 
664	25 
665	14 
666	5 
667	25 
668	16 
669	16 
670	23 
671	18 
672	8 
673	16 
674	4 
675	3 
676	5 
677	4 
678	15 
679	11 
680	10 
681	21 
682	26 
683	1 
684	12 
685	10 
686	16 
687	26 
688	29 
689	4 
690	28 
691	15 
692	14 
693	12 
694	1 
695	2 
696	19 
697	2 
698	12 
699	20 
700	24 
701	5 
702	14 
703	19 
704	20 
705	21 
706	1 
707	5 
708	14 
709	27 
710	20 
711	10 
712	5 
713	21 
714	16 
715	21 
716	11 
717	29 
718	25 
719	4 
720	8 
721	28 
722	17 
723	25 
724	13 
725	11 
726	12 
727	6 
728	1 
729	28 
730	20 
731	29 
732	2 
733	25 
734	5 
735	16 
736	24 
737	24 
738	22 
739	24 
740	10 
741	4 
742	7 
743	23 
744	25 
745	16 
746	15 
747	8 
748	4 
749	28 
750	8 
751	21 
752	23 
753	12 
754	28 
755	9 
756	25 
757	4 
758	27 
759	2 
760	19 
761	4 
762	4 
763	26 
764	4 
765	4 
766	9 
767	7 
768	29 
769	10 
770	21 
771	16 
772	8 
773	26 
774	15 
775	12 
776	16 
777	6 
778	6 
779	6 
780	25 
781	20 
782	18 
783	27 
784	21 
785	5 
786	4 
787	13 
788	19 
789	7 
790	27 
791	19 
792	6 
793	27 
794	9 
795	2 
796	21 
797	27 
798	22 
799	11 
800	19 
801	18 
802	4 
803	2 
804	13 
805	13 
806	2 
807	21 
808	8 
809	16 
810	5 
811	27 
812	27 
813	17 
814	4 
815	23 
816	27 
817	2 
818	12 
819	4 
820	8 
821	20 
822	19 
823	29 
824	7 
825	4 
826	15 
827	28 
828	15 
829	5 
830	29 
831	13 
832	8 
833	29 
834	25 
835	19 
836	16 
837	13 
838	27 
839	15 
840	15 
841	29 
842	23 
843	28 
844	17 
845	12 
846	29 
847	6 
848	8 
849	28 
850	2 
851	27 
852	5 
853	18 
854	25 
855	12 
856	17 
857	15 
858	5 
859	4 
860	28 
861	1 
862	28 
863	5 
864	18 
865	1 
866	6 
867	21 
868	24 
869	15 
870	5 
871	26 
872	20 
873	26 
874	19 
875	21 
876	16 
877	15 
878	4 
879	21 
880	15 
881	27 
882	14 
883	17 
884	1 
885	3 
886	10 
887	7 
888	16 
889	5 
890	23 
891	13 
892	1 
893	16 
894	12 
895	5 
896	21 
897	28 
898	15 
899	16 
900	27 
901	22 
902	21 
903	8 
904	14 
905	13 
906	16 
907	21 
908	6 
909	26 
910	15 
911	15 
912	27 
913	4 
914	16 
915	2 
916	4 
917	16 
918	21 
919	12 
920	22 
921	2 
922	15 
923	28 
924	22 
925	12 
926	4 
927	10 
928	4 
929	7 
930	16 
931	23 
932	23 
933	9 
934	23 
935	5 
936	9 
937	11 
938	10 
939	14 
940	5 
941	21 
942	29 
943	29 
944	10 
945	14 
946	11 
947	19 
948	21 
949	9 
950	5 
951	16 
952	4 
953	12 
954	3 
955	6 
956	11 
957	8 
958	21 
959	23 
960	29 
961	15 
962	11 
963	29 
964	4 
965	15 
966	12 
967	19 
968	21 
969	25 
970	29 
971	4 
972	22 
973	8 
974	2 
975	23 
976	14 
977	29 
978	22 
979	23 
980	4 
981	12 
982	3 
983	12 
984	16 
985	21 
986	3 
987	16 
988	12 
989	16 
990	14 
991	15 
992	4 
993	4 
994	29 
995	11 
996	2 
997	15 
998	29 
999	11 
1000	21 
