1	30 
2	16 
3	29 
4	30 
5	27 
6	13 
7	11 
8	20 
9	27 
10	20 
11	20 
12	5 
13	6 
14	20 
15	24 
16	5 
17	17 
18	11 
19	24 
20	19 
21	13 
22	31 
23	28 
24	30 
25	30 
26	18 
27	26 
28	5 
29	20 
30	25 
31	17 
32	27 
33	4 
34	4 
35	28 
36	29 
37	18 
38	6 
39	32 
40	28 
41	22 
42	27 
43	3 
44	3 
45	23 
46	29 
47	24 
48	2 
49	9 
50	27 
51	2 
52	21 
53	10 
54	25 
55	20 
56	6 
57	16 
58	27 
59	2 
60	26 
61	6 
62	23 
63	7 
64	29 
65	21 
66	14 
67	12 
68	15 
69	27 
70	3 
71	17 
72	13 
73	16 
74	30 
75	21 
76	31 
77	18 
78	10 
79	8 
80	29 
81	14 
82	27 
83	24 
84	24 
85	14 
86	7 
87	4 
88	24 
89	24 
90	4 
91	20 
92	3 
93	6 
94	10 
95	24 
96	13 
97	13 
98	16 
99	30 
100	4 
101	13 
102	27 
103	21 
104	21 
105	31 
106	8 
107	13 
108	3 
109	21 
110	15 
111	23 
112	16 
113	29 
114	5 
115	7 
116	10 
117	29 
118	23 
119	17 
120	28 
121	19 
122	1 
123	30 
124	12 
125	17 
126	30 
127	11 
128	16 
129	18 
130	16 
131	30 
132	5 
133	22 
134	19 
135	10 
136	7 
137	25 
138	1 
139	2 
140	23 
141	28 
142	13 
143	32 
144	21 
145	14 
146	31 
147	19 
148	21 
149	21 
150	21 
151	25 
152	11 
153	16 
154	22 
155	22 
156	1 
157	28 
158	16 
159	10 
160	2 
161	19 
162	9 
163	20 
164	7 
165	15 
166	31 
167	27 
168	3 
169	9 
170	1 
171	22 
172	16 
173	25 
174	7 
175	20 
176	30 
177	1 
178	16 
179	21 
180	3 
181	31 
182	1 
183	32 
184	15 
185	20 
186	26 
187	1 
188	6 
189	28 
190	21 
191	21 
192	11 
193	15 
194	18 
195	5 
196	24 
197	23 
198	28 
199	29 
200	20 
201	2 
202	4 
203	13 
204	20 
205	11 
206	7 
207	15 
208	6 
209	6 
210	11 
211	15 
212	32 
213	6 
214	22 
215	24 
216	6 
217	11 
218	5 
219	17 
220	26 
221	9 
222	28 
223	27 
224	20 
225	14 
226	28 
227	3 
228	16 
229	28 
230	24 
231	32 
232	29 
233	20 
234	9 
235	15 
236	23 
237	19 
238	4 
239	28 
240	6 
241	3 
242	32 
243	23 
244	20 
245	4 
246	30 
247	3 
248	32 
249	2 
250	13 
251	15 
252	24 
253	29 
254	21 
255	11 
256	20 
257	30 
258	18 
259	15 
260	13 
261	13 
262	9 
263	13 
264	24 
265	9 
266	13 
267	13 
268	7 
269	26 
270	1 
271	6 
272	10 
273	10 
274	24 
275	7 
276	2 
277	4 
278	21 
279	26 
280	23 
281	11 
282	13 
283	14 
284	16 
285	24 
286	2 
287	27 
288	4 
289	25 
290	31 
291	19 
292	23 
293	32 
294	5 
295	28 
296	1 
297	5 
298	27 
299	8 
300	9 
301	13 
302	19 
303	23 
304	23 
305	16 
306	24 
307	10 
308	30 
309	9 
310	24 
311	17 
312	22 
313	8 
314	2 
315	24 
316	18 
317	17 
318	26 
319	3 
320	10 
321	20 
322	12 
323	29 
324	19 
325	31 
326	9 
327	1 
328	30 
329	19 
330	18 
331	7 
332	28 
333	6 
334	21 
335	17 
336	10 
337	22 
338	21 
339	19 
340	6 
341	10 
342	16 
343	14 
344	31 
345	9 
346	30 
347	27 
348	7 
349	31 
350	29 
351	8 
352	18 
353	21 
354	6 
355	16 
356	5 
357	13 
358	2 
359	4 
360	28 
361	1 
362	5 
363	13 
364	10 
365	32 
366	28 
367	25 
368	4 
369	12 
370	13 
371	28 
372	24 
373	21 
374	18 
375	6 
376	28 
377	32 
378	21 
379	9 
380	14 
381	13 
382	23 
383	11 
384	14 
385	28 
386	27 
387	29 
388	29 
389	16 
390	7 
391	3 
392	24 
393	25 
394	27 
395	32 
396	7 
397	28 
398	18 
399	8 
400	7 
401	7 
402	22 
403	24 
404	30 
405	12 
406	29 
407	24 
408	29 
409	24 
410	9 
411	23 
412	16 
413	10 
414	9 
415	3 
416	20 
417	25 
418	30 
419	12 
420	22 
421	30 
422	32 
423	3 
424	22 
425	20 
426	24 
427	15 
428	28 
429	32 
430	29 
431	13 
432	21 
433	12 
434	12 
435	11 
436	21 
437	13 
438	20 
439	23 
440	27 
441	3 
442	5 
443	20 
444	8 
445	21 
446	12 
447	28 
448	18 
449	21 
450	25 
451	16 
452	23 
453	22 
454	23 
455	10 
456	1 
457	32 
458	18 
459	1 
460	5 
461	20 
462	26 
463	19 
464	11 
465	8 
466	11 
467	29 
468	13 
469	17 
470	22 
471	15 
472	6 
473	26 
474	8 
475	5 
476	20 
477	15 
478	24 
479	24 
480	14 
481	24 
482	26 
483	4 
484	29 
485	2 
486	13 
487	3 
488	3 
489	7 
490	18 
491	30 
492	9 
493	24 
494	18 
495	6 
496	21 
497	21 
498	10 
499	16 
500	2 
501	3 
502	27 
503	25 
504	29 
505	14 
506	8 
507	28 
508	19 
509	2 
510	2 
511	13 
512	2 
513	1 
514	24 
515	24 
516	4 
517	32 
518	20 
519	1 
520	27 
521	10 
522	12 
523	14 
524	26 
525	4 
526	30 
527	3 
528	20 
529	18 
530	14 
531	25 
532	29 
533	2 
534	29 
535	6 
536	20 
537	15 
538	8 
539	7 
540	3 
541	28 
542	30 
543	12 
544	22 
545	21 
546	8 
547	11 
548	26 
549	9 
550	21 
551	17 
552	2 
553	30 
554	1 
555	3 
556	17 
557	30 
558	4 
559	29 
560	13 
561	10 
562	20 
563	4 
564	17 
565	1 
566	32 
567	20 
568	24 
569	29 
570	13 
571	9 
572	19 
573	12 
574	26 
575	8 
576	30 
577	8 
578	4 
579	24 
580	27 
581	13 
582	20 
583	27 
584	1 
585	6 
586	32 
587	2 
588	32 
589	10 
590	6 
591	12 
592	9 
593	2 
594	4 
595	14 
596	1 
597	4 
598	27 
599	13 
600	3 
601	26 
602	4 
603	8 
604	28 
605	4 
606	24 
607	28 
608	28 
609	23 
610	27 
611	16 
612	32 
613	12 
614	28 
615	20 
616	12 
617	6 
618	14 
619	28 
620	32 
621	12 
622	8 
623	13 
624	23 
625	10 
626	25 
627	13 
628	3 
629	6 
630	10 
631	31 
632	1 
633	20 
634	5 
635	13 
636	18 
637	28 
638	32 
639	26 
640	19 
641	4 
642	26 
643	21 
644	22 
645	14 
646	29 
647	20 
648	29 
649	10 
650	19 
651	7 
652	19 
653	3 
654	4 
655	7 
656	23 
657	5 
658	12 
659	4 
660	17 
661	8 
662	13 
663	24 
664	20 
665	31 
666	2 
667	14 
668	28 
669	8 
670	30 
671	16 
672	24 
673	5 
674	11 
675	27 
676	28 
677	2 
678	16 
679	14 
680	9 
681	28 
682	13 
683	20 
684	8 
685	28 
686	11 
687	3 
688	18 
689	14 
690	5 
691	11 
692	8 
693	2 
694	13 
695	32 
696	6 
697	16 
698	31 
699	27 
700	4 
701	3 
702	25 
703	3 
704	15 
705	1 
706	16 
707	26 
708	12 
709	32 
710	17 
711	20 
712	24 
713	13 
714	24 
715	32 
716	13 
717	15 
718	32 
719	17 
720	16 
721	18 
722	27 
723	13 
724	16 
725	31 
726	32 
727	24 
728	3 
729	20 
730	5 
731	21 
732	6 
733	17 
734	31 
735	18 
736	25 
737	2 
738	10 
739	29 
740	2 
741	32 
742	27 
743	11 
744	13 
745	22 
746	1 
747	25 
748	4 
749	5 
750	25 
751	4 
752	29 
753	31 
754	22 
755	14 
756	30 
757	31 
758	3 
759	31 
760	24 
761	31 
762	3 
763	8 
764	11 
765	4 
766	9 
767	28 
768	9 
769	3 
770	31 
771	31 
772	4 
773	4 
774	12 
775	21 
776	11 
777	14 
778	4 
779	20 
780	2 
781	14 
782	27 
783	22 
784	6 
785	15 
786	26 
787	9 
788	20 
789	6 
790	32 
791	25 
792	3 
793	6 
794	1 
795	11 
796	15 
797	32 
798	31 
799	21 
800	26 
801	12 
802	27 
803	9 
804	6 
805	32 
806	3 
807	22 
808	11 
809	16 
810	14 
811	25 
812	2 
813	23 
814	28 
815	3 
816	20 
817	25 
818	5 
819	9 
820	12 
821	4 
822	19 
823	2 
824	26 
825	1 
826	22 
827	18 
828	18 
829	13 
830	19 
831	17 
832	4 
833	3 
834	9 
835	7 
836	13 
837	25 
838	15 
839	18 
840	15 
841	8 
842	17 
843	26 
844	2 
845	13 
846	16 
847	22 
848	22 
849	22 
850	7 
851	24 
852	23 
853	18 
854	21 
855	5 
856	26 
857	16 
858	30 
859	10 
860	2 
861	28 
862	24 
863	6 
864	10 
865	8 
866	11 
867	9 
868	2 
869	13 
870	3 
871	18 
872	28 
873	23 
874	17 
875	29 
876	25 
877	32 
878	32 
879	11 
880	19 
881	18 
882	21 
883	4 
884	32 
885	10 
886	26 
887	21 
888	12 
889	29 
890	28 
891	23 
892	12 
893	18 
894	12 
895	20 
896	12 
897	11 
898	30 
899	24 
900	21 
901	5 
902	13 
903	10 
904	8 
905	8 
906	20 
907	32 
908	22 
909	28 
910	30 
911	10 
912	26 
913	6 
914	8 
915	8 
916	3 
917	22 
918	2 
919	6 
920	11 
921	28 
922	3 
923	6 
924	2 
925	28 
926	30 
927	20 
928	16 
929	11 
930	11 
931	20 
932	29 
933	28 
934	13 
935	4 
936	32 
937	22 
938	12 
939	18 
940	20 
941	13 
942	21 
943	4 
944	10 
945	27 
946	28 
947	11 
948	27 
949	16 
950	32 
951	4 
952	24 
953	10 
954	4 
955	28 
956	20 
957	2 
958	30 
959	4 
960	18 
961	4 
962	21 
963	18 
964	3 
965	32 
966	4 
967	4 
968	28 
969	18 
970	21 
971	16 
972	4 
973	4 
974	32 
975	32 
976	24 
977	10 
978	6 
979	13 
980	30 
981	4 
982	10 
983	3 
984	32 
985	3 
986	29 
987	3 
988	24 
989	32 
990	29 
991	16 
992	3 
993	24 
994	6 
995	13 
996	16 
997	20 
998	3 
999	24 
1000	21 
