1	2 
2	12 
3	27 
4	5 
5	18 
6	19 
7	16 
8	17 
9	10 
10	30 
11	3 
12	26 
13	20 
14	11 
15	5 
16	30 
17	12 
18	20 
19	18 
20	9 
21	9 
22	21 
23	1 
24	24 
25	2 
26	24 
27	4 
28	2 
29	24 
30	4 
31	18 
32	16 
33	2 
34	11 
35	7 
36	19 
37	1 
38	30 
39	8 
40	22 
41	10 
42	29 
43	25 
44	29 
45	26 
46	23 
47	8 
48	10 
49	25 
50	5 
51	6 
52	2 
53	30 
54	20 
55	16 
56	8 
57	22 
58	21 
59	21 
60	18 
61	7 
62	23 
63	26 
64	30 
65	15 
66	25 
67	16 
68	17 
69	7 
70	4 
71	5 
72	17 
73	25 
74	19 
75	12 
76	14 
77	17 
78	29 
79	16 
80	22 
81	15 
82	6 
83	11 
84	26 
85	4 
86	1 
87	24 
88	28 
89	7 
90	15 
91	8 
92	13 
93	20 
94	19 
95	22 
96	28 
97	5 
98	1 
99	17 
100	14 
101	12 
102	5 
103	23 
104	20 
105	25 
106	27 
107	4 
108	6 
109	12 
110	27 
111	27 
112	3 
113	9 
114	23 
115	13 
116	24 
117	24 
118	3 
119	4 
120	30 
121	13 
122	16 
123	29 
124	17 
125	8 
126	30 
127	11 
128	6 
129	16 
130	27 
131	5 
132	6 
133	26 
134	25 
135	30 
136	8 
137	27 
138	21 
139	3 
140	16 
141	19 
142	20 
143	7 
144	7 
145	12 
146	16 
147	6 
148	18 
149	30 
150	21 
151	11 
152	16 
153	6 
154	29 
155	19 
156	23 
157	1 
158	23 
159	30 
160	21 
161	3 
162	5 
163	12 
164	27 
165	4 
166	23 
167	2 
168	12 
169	13 
170	22 
171	14 
172	28 
173	10 
174	7 
175	8 
176	20 
177	13 
178	9 
179	29 
180	1 
181	19 
182	30 
183	14 
184	4 
185	1 
186	26 
187	11 
188	10 
189	24 
190	24 
191	26 
192	6 
193	7 
194	20 
195	14 
196	23 
197	10 
198	30 
199	10 
200	11 
201	2 
202	6 
203	1 
204	9 
205	10 
206	15 
207	13 
208	10 
209	23 
210	19 
211	28 
212	7 
213	26 
214	15 
215	23 
216	19 
217	15 
218	4 
219	3 
220	29 
221	7 
222	4 
223	23 
224	28 
225	10 
226	29 
227	12 
228	3 
229	16 
230	3 
231	26 
232	12 
233	9 
234	29 
235	1 
236	9 
237	4 
238	24 
239	21 
240	1 
241	27 
242	12 
243	27 
244	11 
245	4 
246	21 
247	12 
248	28 
249	25 
250	5 
251	21 
252	15 
253	1 
254	25 
255	21 
256	11 
257	2 
258	6 
259	7 
260	5 
261	10 
262	20 
263	18 
264	11 
265	24 
266	20 
267	24 
268	30 
269	2 
270	14 
271	14 
272	29 
273	23 
274	3 
275	27 
276	16 
277	25 
278	14 
279	20 
280	4 
281	1 
282	5 
283	10 
284	5 
285	15 
286	28 
287	29 
288	4 
289	3 
290	11 
291	15 
292	13 
293	5 
294	16 
295	17 
296	7 
297	24 
298	5 
299	15 
300	28 
301	9 
302	27 
303	7 
304	16 
305	4 
306	10 
307	5 
308	24 
309	1 
310	27 
311	21 
312	25 
313	14 
314	3 
315	24 
316	9 
317	19 
318	11 
319	30 
320	7 
321	29 
322	20 
323	30 
324	26 
325	13 
326	6 
327	6 
328	7 
329	29 
330	12 
331	26 
332	13 
333	20 
334	19 
335	30 
336	16 
337	17 
338	10 
339	21 
340	17 
341	7 
342	18 
343	11 
344	26 
345	18 
346	5 
347	9 
348	17 
349	10 
350	21 
351	16 
352	28 
353	22 
354	20 
355	28 
356	23 
357	22 
358	4 
359	1 
360	20 
361	3 
362	27 
363	12 
364	15 
365	1 
366	19 
367	11 
368	15 
369	10 
370	23 
371	16 
372	27 
373	8 
374	20 
375	13 
376	6 
377	24 
378	5 
379	19 
380	29 
381	7 
382	13 
383	22 
384	27 
385	7 
386	22 
387	1 
388	16 
389	8 
390	2 
391	18 
392	21 
393	21 
394	16 
395	30 
396	13 
397	22 
398	19 
399	9 
400	28 
401	9 
402	6 
403	1 
404	26 
405	19 
406	16 
407	12 
408	26 
409	26 
410	1 
411	10 
412	10 
413	25 
414	21 
415	20 
416	6 
417	14 
418	28 
419	7 
420	8 
421	22 
422	27 
423	8 
424	8 
425	21 
426	30 
427	6 
428	7 
429	22 
430	7 
431	12 
432	15 
433	8 
434	28 
435	10 
436	14 
437	26 
438	2 
439	24 
440	22 
441	24 
442	27 
443	19 
444	18 
445	24 
446	16 
447	10 
448	2 
449	3 
450	24 
451	17 
452	3 
453	11 
454	6 
455	26 
456	3 
457	30 
458	12 
459	16 
460	19 
461	1 
462	13 
463	30 
464	13 
465	16 
466	20 
467	17 
468	11 
469	5 
470	21 
471	11 
472	21 
473	12 
474	28 
475	15 
476	5 
477	10 
478	30 
479	23 
480	5 
481	20 
482	2 
483	18 
484	26 
485	9 
486	7 
487	20 
488	28 
489	9 
490	20 
491	23 
492	25 
493	5 
494	24 
495	3 
496	21 
497	21 
498	19 
499	19 
500	8 
501	8 
502	15 
503	9 
504	23 
505	4 
506	21 
507	13 
508	13 
509	25 
510	7 
511	24 
512	19 
513	7 
514	1 
515	25 
516	17 
517	30 
518	17 
519	3 
520	30 
521	8 
522	30 
523	8 
524	11 
525	15 
526	17 
527	2 
528	3 
529	10 
530	5 
531	7 
532	1 
533	15 
534	3 
535	29 
536	22 
537	21 
538	20 
539	14 
540	12 
541	21 
542	5 
543	13 
544	8 
545	22 
546	6 
547	8 
548	27 
549	20 
550	4 
551	21 
552	29 
553	23 
554	13 
555	21 
556	3 
557	29 
558	26 
559	30 
560	5 
561	25 
562	28 
563	4 
564	7 
565	29 
566	23 
567	6 
568	11 
569	14 
570	24 
571	5 
572	23 
573	3 
574	16 
575	21 
576	28 
577	2 
578	24 
579	7 
580	22 
581	22 
582	14 
583	21 
584	12 
585	29 
586	25 
587	21 
588	28 
589	11 
590	18 
591	26 
592	9 
593	6 
594	29 
595	6 
596	28 
597	30 
598	14 
599	29 
600	17 
601	8 
602	4 
603	22 
604	8 
605	24 
606	30 
607	11 
608	9 
609	29 
610	6 
611	13 
612	11 
613	23 
614	21 
615	7 
616	1 
617	2 
618	20 
619	21 
620	23 
621	23 
622	14 
623	15 
624	17 
625	19 
626	30 
627	19 
628	22 
629	8 
630	23 
631	7 
632	11 
633	10 
634	4 
635	29 
636	1 
637	21 
638	22 
639	13 
640	16 
641	22 
642	30 
643	24 
644	29 
645	14 
646	21 
647	2 
648	9 
649	20 
650	12 
651	28 
652	24 
653	9 
654	9 
655	20 
656	23 
657	28 
658	16 
659	14 
660	3 
661	8 
662	28 
663	18 
664	22 
665	4 
666	13 
667	10 
668	28 
669	7 
670	18 
671	9 
672	14 
673	21 
674	27 
675	30 
676	12 
677	27 
678	15 
679	4 
680	25 
681	9 
682	7 
683	21 
684	18 
685	24 
686	14 
687	18 
688	17 
689	28 
690	19 
691	27 
692	16 
693	22 
694	28 
695	25 
696	18 
697	21 
698	14 
699	14 
700	17 
701	22 
702	3 
703	11 
704	27 
705	4 
706	22 
707	11 
708	4 
709	21 
710	19 
711	30 
712	18 
713	6 
714	4 
715	4 
716	8 
717	16 
718	12 
719	5 
720	8 
721	16 
722	28 
723	22 
724	4 
725	2 
726	20 
727	9 
728	30 
729	12 
730	18 
731	4 
732	28 
733	28 
734	30 
735	14 
736	27 
737	9 
738	26 
739	21 
740	14 
741	3 
742	25 
743	13 
744	15 
745	22 
746	14 
747	16 
748	2 
749	29 
750	2 
751	2 
752	30 
753	4 
754	2 
755	3 
756	5 
757	25 
758	16 
759	23 
760	3 
761	28 
762	28 
763	18 
764	5 
765	15 
766	24 
767	20 
768	10 
769	2 
770	20 
771	15 
772	11 
773	20 
774	7 
775	23 
776	5 
777	21 
778	22 
779	29 
780	14 
781	7 
782	16 
783	24 
784	17 
785	27 
786	24 
787	28 
788	9 
789	4 
790	15 
791	20 
792	16 
793	13 
794	27 
795	23 
796	23 
797	12 
798	9 
799	5 
800	29 
801	30 
802	19 
803	15 
804	3 
805	7 
806	28 
807	11 
808	11 
809	24 
810	19 
811	3 
812	2 
813	25 
814	5 
815	18 
816	18 
817	17 
818	8 
819	24 
820	8 
821	26 
822	19 
823	21 
824	26 
825	18 
826	19 
827	29 
828	28 
829	26 
830	10 
831	22 
832	14 
833	1 
834	17 
835	7 
836	12 
837	27 
838	9 
839	17 
840	9 
841	7 
842	8 
843	5 
844	19 
845	28 
846	29 
847	28 
848	4 
849	15 
850	12 
851	21 
852	23 
853	23 
854	9 
855	26 
856	8 
857	6 
858	12 
859	7 
860	6 
861	5 
862	26 
863	1 
864	14 
865	23 
866	12 
867	7 
868	12 
869	6 
870	1 
871	6 
872	24 
873	20 
874	23 
875	28 
876	19 
877	24 
878	16 
879	12 
880	7 
881	27 
882	14 
883	28 
884	8 
885	4 
886	22 
887	6 
888	22 
889	11 
890	7 
891	7 
892	8 
893	11 
894	5 
895	1 
896	19 
897	3 
898	14 
899	28 
900	8 
901	4 
902	9 
903	12 
904	8 
905	1 
906	8 
907	28 
908	23 
909	11 
910	24 
911	3 
912	5 
913	24 
914	9 
915	12 
916	9 
917	5 
918	9 
919	8 
920	29 
921	4 
922	11 
923	22 
924	24 
925	21 
926	8 
927	3 
928	23 
929	12 
930	12 
931	30 
932	23 
933	16 
934	20 
935	23 
936	9 
937	23 
938	24 
939	3 
940	8 
941	20 
942	20 
943	16 
944	19 
945	7 
946	20 
947	30 
948	30 
949	23 
950	4 
951	28 
952	23 
953	16 
954	20 
955	30 
956	16 
957	7 
958	21 
959	30 
960	23 
961	20 
962	30 
963	21 
964	21 
965	23 
966	28 
967	21 
968	23 
969	8 
970	23 
971	24 
972	24 
973	20 
974	24 
975	20 
976	20 
977	30 
978	20 
979	20 
980	24 
981	24 
982	20 
983	21 
984	28 
985	7 
986	23 
987	24 
988	30 
989	23 
990	20 
991	30 
992	28 
993	7 
994	24 
995	28 
996	23 
997	23 
998	21 
999	20 
1000	28 
