1	22 
2	10 
3	13 
4	18 
5	25 
6	23 
7	19 
8	5 
9	28 
10	27 
11	26 
12	18 
13	28 
14	22 
15	25 
16	27 
17	24 
18	24 
19	22 
20	27 
21	28 
22	21 
23	4 
24	22 
25	15 
26	21 
27	2 
28	15 
29	19 
30	7 
31	17 
32	12 
33	12 
34	1 
35	20 
36	6 
37	10 
38	6 
39	24 
40	25 
41	2 
42	17 
43	15 
44	14 
45	15 
46	16 
47	25 
48	11 
49	8 
50	16 
51	21 
52	10 
53	13 
54	23 
55	7 
56	5 
57	13 
58	23 
59	2 
60	7 
61	14 
62	27 
63	26 
64	1 
65	14 
66	20 
67	26 
68	12 
69	11 
70	8 
71	12 
72	5 
73	18 
74	15 
75	27 
76	9 
77	19 
78	9 
79	2 
80	25 
81	12 
82	22 
83	9 
84	4 
85	22 
86	21 
87	3 
88	27 
89	18 
90	12 
91	15 
92	20 
93	10 
94	17 
95	6 
96	7 
97	1 
98	6 
99	25 
100	11 
101	28 
102	10 
103	24 
104	14 
105	7 
106	6 
107	3 
108	25 
109	22 
110	27 
111	14 
112	12 
113	13 
114	12 
115	27 
116	24 
117	17 
118	14 
119	25 
120	7 
121	22 
122	4 
123	21 
124	11 
125	8 
126	17 
127	7 
128	6 
129	19 
130	5 
131	19 
132	9 
133	19 
134	11 
135	18 
136	13 
137	4 
138	4 
139	22 
140	19 
141	15 
142	5 
143	12 
144	14 
145	27 
146	3 
147	6 
148	19 
149	3 
150	17 
151	6 
152	16 
153	2 
154	13 
155	2 
156	1 
157	12 
158	19 
159	3 
160	21 
161	17 
162	18 
163	19 
164	6 
165	16 
166	26 
167	5 
168	26 
169	1 
170	16 
171	23 
172	19 
173	9 
174	2 
175	4 
176	16 
177	11 
178	16 
179	5 
180	26 
181	6 
182	2 
183	28 
184	15 
185	6 
186	24 
187	1 
188	16 
189	9 
190	7 
191	19 
192	5 
193	12 
194	10 
195	6 
196	3 
197	9 
198	15 
199	1 
200	2 
201	7 
202	14 
203	17 
204	8 
205	14 
206	6 
207	26 
208	28 
209	20 
210	8 
211	8 
212	16 
213	13 
214	26 
215	11 
216	11 
217	13 
218	27 
219	15 
220	11 
221	1 
222	14 
223	14 
224	24 
225	15 
226	18 
227	3 
228	12 
229	18 
230	28 
231	18 
232	17 
233	27 
234	6 
235	25 
236	14 
237	11 
238	19 
239	22 
240	27 
241	13 
242	23 
243	6 
244	16 
245	19 
246	21 
247	16 
248	16 
249	27 
250	15 
251	20 
252	20 
253	4 
254	12 
255	6 
256	21 
257	27 
258	20 
259	11 
260	3 
261	24 
262	19 
263	19 
264	11 
265	15 
266	21 
267	8 
268	26 
269	11 
270	16 
271	25 
272	10 
273	19 
274	8 
275	22 
276	17 
277	3 
278	9 
279	22 
280	15 
281	21 
282	7 
283	8 
284	4 
285	26 
286	13 
287	14 
288	12 
289	5 
290	19 
291	6 
292	18 
293	6 
294	12 
295	17 
296	12 
297	16 
298	13 
299	25 
300	22 
301	6 
302	26 
303	10 
304	17 
305	24 
306	19 
307	14 
308	15 
309	20 
310	8 
311	28 
312	3 
313	13 
314	26 
315	13 
316	11 
317	2 
318	16 
319	8 
320	27 
321	18 
322	23 
323	20 
324	13 
325	14 
326	27 
327	10 
328	17 
329	26 
330	11 
331	3 
332	24 
333	26 
334	10 
335	10 
336	10 
337	15 
338	26 
339	26 
340	25 
341	11 
342	17 
343	17 
344	28 
345	21 
346	11 
347	4 
348	3 
349	11 
350	15 
351	20 
352	11 
353	1 
354	23 
355	4 
356	1 
357	6 
358	19 
359	17 
360	12 
361	6 
362	15 
363	21 
364	17 
365	28 
366	24 
367	28 
368	4 
369	9 
370	11 
371	15 
372	7 
373	18 
374	14 
375	14 
376	28 
377	12 
378	6 
379	27 
380	25 
381	28 
382	25 
383	25 
384	17 
385	6 
386	10 
387	6 
388	16 
389	3 
390	12 
391	21 
392	11 
393	28 
394	26 
395	21 
396	10 
397	19 
398	4 
399	9 
400	5 
401	19 
402	23 
403	23 
404	21 
405	8 
406	17 
407	13 
408	20 
409	23 
410	27 
411	22 
412	6 
413	2 
414	21 
415	12 
416	21 
417	13 
418	21 
419	16 
420	5 
421	6 
422	5 
423	12 
424	19 
425	13 
426	18 
427	4 
428	20 
429	27 
430	24 
431	20 
432	25 
433	27 
434	19 
435	22 
436	23 
437	19 
438	19 
439	15 
440	7 
441	19 
442	27 
443	14 
444	17 
445	23 
446	11 
447	14 
448	3 
449	22 
450	5 
451	28 
452	4 
453	20 
454	17 
455	28 
456	27 
457	23 
458	4 
459	19 
460	3 
461	13 
462	6 
463	6 
464	6 
465	19 
466	17 
467	10 
468	23 
469	20 
470	27 
471	20 
472	14 
473	15 
474	12 
475	15 
476	8 
477	20 
478	20 
479	6 
480	11 
481	16 
482	24 
483	20 
484	8 
485	14 
486	15 
487	24 
488	22 
489	2 
490	15 
491	21 
492	19 
493	27 
494	9 
495	16 
496	28 
497	6 
498	5 
499	7 
500	21 
501	9 
502	22 
503	4 
504	13 
505	6 
506	3 
507	26 
508	15 
509	10 
510	9 
511	16 
512	1 
513	26 
514	10 
515	27 
516	22 
517	26 
518	12 
519	16 
520	16 
521	24 
522	4 
523	23 
524	15 
525	3 
526	11 
527	21 
528	10 
529	16 
530	17 
531	13 
532	17 
533	22 
534	11 
535	13 
536	23 
537	22 
538	6 
539	10 
540	10 
541	21 
542	16 
543	18 
544	27 
545	28 
546	9 
547	4 
548	21 
549	23 
550	27 
551	10 
552	12 
553	11 
554	18 
555	8 
556	13 
557	18 
558	22 
559	21 
560	25 
561	4 
562	15 
563	6 
564	4 
565	10 
566	28 
567	20 
568	13 
569	7 
570	22 
571	8 
572	6 
573	3 
574	1 
575	16 
576	19 
577	1 
578	12 
579	2 
580	22 
581	6 
582	8 
583	7 
584	1 
585	21 
586	27 
587	14 
588	21 
589	8 
590	18 
591	5 
592	28 
593	18 
594	7 
595	8 
596	28 
597	12 
598	17 
599	13 
600	2 
601	12 
602	26 
603	19 
604	5 
605	28 
606	4 
607	11 
608	27 
609	11 
610	12 
611	10 
612	1 
613	6 
614	11 
615	23 
616	20 
617	4 
618	13 
619	12 
620	1 
621	23 
622	20 
623	27 
624	14 
625	19 
626	10 
627	19 
628	13 
629	4 
630	13 
631	12 
632	15 
633	3 
634	28 
635	14 
636	12 
637	4 
638	20 
639	19 
640	12 
641	19 
642	3 
643	12 
644	7 
645	22 
646	3 
647	27 
648	22 
649	11 
650	11 
651	28 
652	22 
653	26 
654	10 
655	15 
656	6 
657	26 
658	10 
659	9 
660	28 
661	18 
662	21 
663	25 
664	2 
665	3 
666	20 
667	8 
668	22 
669	28 
670	21 
671	11 
672	18 
673	19 
674	19 
675	27 
676	28 
677	26 
678	6 
679	27 
680	7 
681	18 
682	13 
683	1 
684	26 
685	4 
686	5 
687	4 
688	4 
689	6 
690	28 
691	22 
692	1 
693	9 
694	19 
695	4 
696	5 
697	14 
698	4 
699	11 
700	3 
701	26 
702	27 
703	25 
704	23 
705	21 
706	9 
707	14 
708	26 
709	2 
710	22 
711	21 
712	18 
713	15 
714	18 
715	12 
716	15 
717	23 
718	11 
719	16 
720	19 
721	14 
722	8 
723	10 
724	28 
725	24 
726	5 
727	17 
728	5 
729	24 
730	1 
731	4 
732	27 
733	15 
734	24 
735	19 
736	9 
737	20 
738	12 
739	24 
740	23 
741	12 
742	8 
743	10 
744	11 
745	8 
746	26 
747	19 
748	23 
749	20 
750	5 
751	12 
752	17 
753	12 
754	19 
755	4 
756	21 
757	16 
758	26 
759	2 
760	26 
761	8 
762	10 
763	9 
764	21 
765	19 
766	13 
767	22 
768	2 
769	3 
770	22 
771	9 
772	7 
773	28 
774	19 
775	15 
776	14 
777	2 
778	18 
779	7 
780	13 
781	22 
782	24 
783	6 
784	27 
785	24 
786	7 
787	22 
788	17 
789	15 
790	12 
791	7 
792	28 
793	10 
794	16 
795	23 
796	23 
797	25 
798	14 
799	22 
800	28 
801	16 
802	20 
803	1 
804	8 
805	7 
806	25 
807	22 
808	6 
809	23 
810	5 
811	22 
812	21 
813	28 
814	18 
815	9 
816	13 
817	1 
818	13 
819	8 
820	6 
821	23 
822	1 
823	6 
824	13 
825	1 
826	7 
827	25 
828	11 
829	26 
830	27 
831	25 
832	4 
833	22 
834	18 
835	26 
836	25 
837	12 
838	8 
839	11 
840	10 
841	8 
842	21 
843	27 
844	22 
845	23 
846	20 
847	3 
848	14 
849	21 
850	27 
851	4 
852	15 
853	17 
854	14 
855	14 
856	16 
857	5 
858	2 
859	10 
860	11 
861	4 
862	28 
863	2 
864	27 
865	2 
866	14 
867	21 
868	4 
869	14 
870	22 
871	15 
872	26 
873	26 
874	23 
875	7 
876	4 
877	13 
878	2 
879	3 
880	27 
881	11 
882	16 
883	26 
884	26 
885	20 
886	27 
887	28 
888	16 
889	7 
890	13 
891	28 
892	26 
893	22 
894	24 
895	22 
896	3 
897	8 
898	3 
899	12 
900	28 
901	10 
902	23 
903	4 
904	28 
905	21 
906	19 
907	27 
908	24 
909	10 
910	4 
911	24 
912	10 
913	23 
914	22 
915	27 
916	8 
917	3 
918	7 
919	3 
920	26 
921	22 
922	24 
923	11 
924	6 
925	7 
926	21 
927	4 
928	16 
929	18 
930	20 
931	3 
932	13 
933	14 
934	12 
935	22 
936	27 
937	23 
938	8 
939	27 
940	16 
941	12 
942	22 
943	20 
944	15 
945	12 
946	16 
947	6 
948	10 
949	17 
950	19 
951	7 
952	6 
953	23 
954	21 
955	10 
956	19 
957	6 
958	6 
959	20 
960	28 
961	23 
962	17 
963	8 
964	10 
965	11 
966	10 
967	12 
968	14 
969	11 
970	12 
971	11 
972	27 
973	12 
974	11 
975	20 
976	10 
977	22 
978	4 
979	11 
980	22 
981	14 
982	27 
983	14 
984	16 
985	4 
986	14 
987	4 
988	6 
989	22 
990	26 
991	28 
992	12 
993	14 
994	11 
995	28 
996	19 
997	26 
998	15 
999	26 
1000	19 
