1	6 
2	15 
3	20 
4	15 
5	30 
6	15 
7	27 
8	24 
9	27 
10	2 
11	19 
12	8 
13	4 
14	25 
15	11 
16	7 
17	17 
18	17 
19	1 
20	4 
21	8 
22	14 
23	25 
24	24 
25	17 
26	14 
27	29 
28	6 
29	28 
30	21 
31	28 
32	23 
33	3 
34	24 
35	17 
36	6 
37	22 
38	16 
39	22 
40	28 
41	30 
42	5 
43	26 
44	13 
45	12 
46	2 
47	16 
48	12 
49	20 
50	1 
51	8 
52	2 
53	30 
54	12 
55	27 
56	30 
57	10 
58	8 
59	14 
60	15 
61	11 
62	19 
63	31 
64	23 
65	7 
66	12 
67	8 
68	23 
69	25 
70	12 
71	1 
72	5 
73	27 
74	10 
75	28 
76	22 
77	10 
78	22 
79	30 
80	23 
81	12 
82	18 
83	15 
84	22 
85	15 
86	21 
87	26 
88	31 
89	9 
90	1 
91	20 
92	18 
93	24 
94	31 
95	6 
96	13 
97	7 
98	12 
99	2 
100	22 
101	24 
102	23 
103	13 
104	15 
105	26 
106	28 
107	16 
108	30 
109	6 
110	26 
111	27 
112	8 
113	18 
114	3 
115	31 
116	12 
117	2 
118	1 
119	5 
120	17 
121	21 
122	12 
123	17 
124	15 
125	11 
126	10 
127	22 
128	15 
129	3 
130	22 
131	6 
132	15 
133	1 
134	12 
135	13 
136	4 
137	5 
138	3 
139	30 
140	17 
141	17 
142	31 
143	3 
144	30 
145	31 
146	24 
147	6 
148	16 
149	5 
150	1 
151	29 
152	9 
153	8 
154	9 
155	5 
156	7 
157	13 
158	19 
159	1 
160	25 
161	31 
162	20 
163	7 
164	29 
165	30 
166	8 
167	5 
168	15 
169	8 
170	2 
171	15 
172	30 
173	25 
174	29 
175	30 
176	5 
177	12 
178	9 
179	24 
180	10 
181	22 
182	18 
183	26 
184	11 
185	1 
186	9 
187	16 
188	25 
189	30 
190	17 
191	6 
192	11 
193	17 
194	7 
195	24 
196	21 
197	20 
198	4 
199	24 
200	22 
201	29 
202	11 
203	21 
204	21 
205	27 
206	13 
207	30 
208	22 
209	20 
210	7 
211	23 
212	1 
213	19 
214	10 
215	31 
216	23 
217	25 
218	7 
219	30 
220	6 
221	25 
222	3 
223	26 
224	27 
225	24 
226	8 
227	16 
228	22 
229	24 
230	29 
231	15 
232	20 
233	13 
234	3 
235	20 
236	15 
237	3 
238	17 
239	1 
240	6 
241	17 
242	4 
243	25 
244	8 
245	28 
246	21 
247	11 
248	30 
249	1 
250	15 
251	1 
252	10 
253	15 
254	15 
255	28 
256	12 
257	16 
258	4 
259	8 
260	2 
261	15 
262	1 
263	17 
264	6 
265	8 
266	25 
267	27 
268	30 
269	5 
270	13 
271	13 
272	14 
273	20 
274	7 
275	5 
276	4 
277	16 
278	22 
279	10 
280	3 
281	4 
282	21 
283	8 
284	19 
285	5 
286	3 
287	29 
288	13 
289	30 
290	27 
291	6 
292	9 
293	13 
294	24 
295	31 
296	3 
297	22 
298	23 
299	27 
300	16 
301	8 
302	1 
303	8 
304	14 
305	10 
306	24 
307	30 
308	3 
309	30 
310	15 
311	13 
312	3 
313	24 
314	24 
315	10 
316	29 
317	28 
318	24 
319	13 
320	7 
321	24 
322	1 
323	8 
324	23 
325	9 
326	14 
327	16 
328	18 
329	4 
330	17 
331	29 
332	4 
333	26 
334	23 
335	10 
336	17 
337	7 
338	31 
339	5 
340	1 
341	20 
342	27 
343	5 
344	13 
345	3 
346	7 
347	24 
348	5 
349	24 
350	21 
351	17 
352	10 
353	18 
354	20 
355	5 
356	16 
357	27 
358	26 
359	6 
360	18 
361	5 
362	19 
363	2 
364	17 
365	18 
366	28 
367	8 
368	27 
369	23 
370	2 
371	5 
372	24 
373	27 
374	17 
375	31 
376	17 
377	12 
378	29 
379	7 
380	18 
381	31 
382	1 
383	26 
384	19 
385	30 
386	17 
387	17 
388	18 
389	17 
390	2 
391	8 
392	17 
393	28 
394	16 
395	16 
396	13 
397	26 
398	13 
399	9 
400	19 
401	27 
402	13 
403	30 
404	2 
405	16 
406	26 
407	18 
408	3 
409	26 
410	14 
411	7 
412	9 
413	26 
414	13 
415	3 
416	30 
417	26 
418	24 
419	27 
420	14 
421	11 
422	22 
423	1 
424	9 
425	26 
426	15 
427	28 
428	21 
429	2 
430	27 
431	27 
432	15 
433	21 
434	6 
435	20 
436	19 
437	9 
438	24 
439	6 
440	21 
441	28 
442	1 
443	22 
444	15 
445	23 
446	12 
447	29 
448	2 
449	1 
450	24 
451	28 
452	15 
453	13 
454	8 
455	30 
456	14 
457	25 
458	13 
459	29 
460	27 
461	6 
462	28 
463	18 
464	20 
465	7 
466	12 
467	22 
468	8 
469	28 
470	16 
471	20 
472	31 
473	20 
474	15 
475	17 
476	12 
477	16 
478	27 
479	1 
480	22 
481	14 
482	27 
483	16 
484	18 
485	26 
486	30 
487	22 
488	24 
489	18 
490	24 
491	6 
492	9 
493	14 
494	22 
495	6 
496	22 
497	26 
498	21 
499	4 
500	3 
501	20 
502	28 
503	14 
504	30 
505	21 
506	3 
507	29 
508	25 
509	26 
510	8 
511	18 
512	12 
513	11 
514	30 
515	30 
516	2 
517	3 
518	15 
519	15 
520	27 
521	5 
522	8 
523	5 
524	16 
525	10 
526	24 
527	3 
528	1 
529	21 
530	17 
531	18 
532	1 
533	1 
534	29 
535	5 
536	18 
537	19 
538	13 
539	7 
540	12 
541	3 
542	15 
543	4 
544	12 
545	6 
546	13 
547	21 
548	27 
549	27 
550	9 
551	1 
552	27 
553	7 
554	19 
555	20 
556	4 
557	17 
558	6 
559	30 
560	9 
561	22 
562	18 
563	1 
564	5 
565	2 
566	6 
567	25 
568	11 
569	19 
570	12 
571	5 
572	26 
573	22 
574	14 
575	24 
576	10 
577	15 
578	17 
579	27 
580	11 
581	30 
582	3 
583	26 
584	30 
585	10 
586	22 
587	16 
588	23 
589	25 
590	23 
591	17 
592	5 
593	13 
594	17 
595	15 
596	7 
597	31 
598	16 
599	7 
600	11 
601	7 
602	14 
603	24 
604	1 
605	2 
606	13 
607	22 
608	16 
609	1 
610	22 
611	11 
612	20 
613	5 
614	27 
615	17 
616	16 
617	15 
618	4 
619	11 
620	27 
621	26 
622	22 
623	18 
624	20 
625	8 
626	13 
627	1 
628	3 
629	26 
630	19 
631	7 
632	12 
633	2 
634	5 
635	18 
636	22 
637	31 
638	10 
639	21 
640	12 
641	10 
642	29 
643	17 
644	5 
645	20 
646	14 
647	30 
648	15 
649	4 
650	11 
651	19 
652	19 
653	22 
654	18 
655	12 
656	4 
657	6 
658	14 
659	5 
660	12 
661	13 
662	23 
663	21 
664	17 
665	22 
666	24 
667	18 
668	31 
669	13 
670	21 
671	1 
672	22 
673	14 
674	3 
675	22 
676	13 
677	11 
678	16 
679	21 
680	12 
681	22 
682	10 
683	25 
684	24 
685	30 
686	3 
687	17 
688	26 
689	30 
690	22 
691	3 
692	5 
693	22 
694	9 
695	15 
696	27 
697	23 
698	19 
699	31 
700	11 
701	31 
702	17 
703	8 
704	3 
705	16 
706	21 
707	22 
708	25 
709	9 
710	28 
711	24 
712	21 
713	17 
714	4 
715	30 
716	15 
717	4 
718	5 
719	7 
720	2 
721	15 
722	19 
723	29 
724	21 
725	11 
726	18 
727	13 
728	4 
729	7 
730	7 
731	8 
732	4 
733	31 
734	2 
735	25 
736	17 
737	29 
738	13 
739	11 
740	14 
741	9 
742	1 
743	14 
744	19 
745	8 
746	13 
747	12 
748	17 
749	30 
750	24 
751	10 
752	8 
753	13 
754	27 
755	22 
756	16 
757	1 
758	5 
759	25 
760	6 
761	23 
762	15 
763	7 
764	12 
765	23 
766	15 
767	3 
768	1 
769	4 
770	5 
771	26 
772	21 
773	17 
774	20 
775	12 
776	19 
777	22 
778	23 
779	21 
780	26 
781	26 
782	18 
783	31 
784	11 
785	17 
786	4 
787	2 
788	24 
789	31 
790	2 
791	13 
792	6 
793	24 
794	10 
795	1 
796	11 
797	8 
798	18 
799	8 
800	7 
801	8 
802	31 
803	14 
804	31 
805	27 
806	25 
807	21 
808	12 
809	1 
810	18 
811	25 
812	2 
813	9 
814	26 
815	12 
816	27 
817	4 
818	19 
819	26 
820	20 
821	27 
822	25 
823	23 
824	27 
825	1 
826	8 
827	8 
828	9 
829	8 
830	30 
831	3 
832	9 
833	11 
834	31 
835	11 
836	31 
837	31 
838	13 
839	28 
840	10 
841	24 
842	20 
843	7 
844	21 
845	14 
846	16 
847	27 
848	27 
849	3 
850	6 
851	30 
852	12 
853	12 
854	28 
855	8 
856	31 
857	10 
858	4 
859	13 
860	23 
861	12 
862	4 
863	22 
864	5 
865	13 
866	16 
867	29 
868	26 
869	22 
870	16 
871	19 
872	3 
873	3 
874	12 
875	31 
876	10 
877	10 
878	20 
879	30 
880	30 
881	4 
882	18 
883	5 
884	9 
885	17 
886	9 
887	29 
888	12 
889	8 
890	8 
891	8 
892	9 
893	29 
894	26 
895	3 
896	24 
897	28 
898	3 
899	6 
900	8 
901	21 
902	19 
903	12 
904	8 
905	22 
906	6 
907	14 
908	30 
909	22 
910	22 
911	27 
912	11 
913	29 
914	30 
915	17 
916	20 
917	15 
918	22 
919	23 
920	9 
921	5 
922	5 
923	24 
924	17 
925	10 
926	3 
927	17 
928	2 
929	23 
930	1 
931	10 
932	10 
933	1 
934	22 
935	17 
936	22 
937	5 
938	2 
939	31 
940	1 
941	30 
942	5 
943	12 
944	26 
945	31 
946	1 
947	13 
948	4 
949	11 
950	24 
951	11 
952	1 
953	15 
954	31 
955	20 
956	27 
957	27 
958	27 
959	18 
960	18 
961	8 
962	1 
963	3 
964	13 
965	18 
966	6 
967	6 
968	6 
969	22 
970	16 
971	4 
972	17 
973	1 
974	17 
975	7 
976	21 
977	8 
978	17 
979	1 
980	1 
981	31 
982	6 
983	1 
984	31 
985	18 
986	22 
987	5 
988	1 
989	27 
990	17 
991	12 
992	30 
993	12 
994	22 
995	8 
996	24 
997	17 
998	6 
999	22 
1000	27 
