1	22 
2	2 
3	24 
4	16 
5	28 
6	32 
7	25 
8	8 
9	14 
10	15 
11	28 
12	27 
13	10 
14	26 
15	11 
16	10 
17	18 
18	19 
19	21 
20	8 
21	13 
22	3 
23	17 
24	21 
25	12 
26	23 
27	27 
28	26 
29	4 
30	2 
31	5 
32	5 
33	2 
34	7 
35	23 
36	32 
37	11 
38	30 
39	26 
40	28 
41	12 
42	14 
43	21 
44	22 
45	30 
46	31 
47	8 
48	17 
49	30 
50	27 
51	19 
52	4 
53	7 
54	1 
55	26 
56	19 
57	5 
58	10 
59	3 
60	30 
61	15 
62	12 
63	13 
64	7 
65	20 
66	22 
67	2 
68	1 
69	9 
70	30 
71	24 
72	3 
73	13 
74	9 
75	22 
76	1 
77	29 
78	3 
79	22 
80	10 
81	9 
82	10 
83	8 
84	11 
85	8 
86	29 
87	30 
88	8 
89	26 
90	1 
91	23 
92	7 
93	1 
94	14 
95	9 
96	15 
97	14 
98	30 
99	15 
100	9 
101	8 
102	30 
103	12 
104	32 
105	21 
106	11 
107	14 
108	16 
109	16 
110	5 
111	9 
112	17 
113	31 
114	26 
115	19 
116	19 
117	14 
118	32 
119	23 
120	4 
121	6 
122	12 
123	26 
124	32 
125	29 
126	8 
127	19 
128	13 
129	21 
130	15 
131	21 
132	28 
133	8 
134	13 
135	24 
136	17 
137	24 
138	17 
139	19 
140	20 
141	26 
142	4 
143	7 
144	31 
145	32 
146	18 
147	25 
148	7 
149	7 
150	20 
151	1 
152	31 
153	29 
154	9 
155	7 
156	2 
157	30 
158	18 
159	8 
160	30 
161	24 
162	30 
163	16 
164	29 
165	27 
166	9 
167	8 
168	24 
169	20 
170	28 
171	8 
172	8 
173	13 
174	12 
175	7 
176	8 
177	8 
178	16 
179	26 
180	14 
181	14 
182	25 
183	5 
184	13 
185	9 
186	11 
187	28 
188	13 
189	28 
190	10 
191	15 
192	29 
193	16 
194	30 
195	20 
196	4 
197	7 
198	8 
199	17 
200	8 
201	22 
202	25 
203	9 
204	15 
205	11 
206	14 
207	17 
208	18 
209	21 
210	27 
211	23 
212	29 
213	20 
214	8 
215	28 
216	17 
217	12 
218	30 
219	19 
220	18 
221	6 
222	21 
223	3 
224	31 
225	31 
226	14 
227	13 
228	3 
229	26 
230	14 
231	12 
232	3 
233	4 
234	4 
235	4 
236	18 
237	27 
238	3 
239	15 
240	5 
241	20 
242	6 
243	4 
244	20 
245	21 
246	1 
247	11 
248	25 
249	3 
250	21 
251	6 
252	8 
253	29 
254	11 
255	22 
256	16 
257	1 
258	16 
259	22 
260	22 
261	21 
262	32 
263	4 
264	5 
265	2 
266	1 
267	17 
268	22 
269	7 
270	20 
271	26 
272	8 
273	10 
274	1 
275	10 
276	31 
277	31 
278	23 
279	26 
280	25 
281	13 
282	1 
283	14 
284	4 
285	30 
286	20 
287	9 
288	7 
289	23 
290	18 
291	1 
292	8 
293	30 
294	2 
295	32 
296	8 
297	24 
298	7 
299	30 
300	20 
301	8 
302	25 
303	9 
304	9 
305	14 
306	31 
307	21 
308	28 
309	14 
310	16 
311	8 
312	27 
313	15 
314	10 
315	20 
316	19 
317	17 
318	9 
319	29 
320	5 
321	26 
322	6 
323	31 
324	20 
325	25 
326	22 
327	6 
328	16 
329	2 
330	8 
331	11 
332	32 
333	6 
334	23 
335	26 
336	8 
337	11 
338	31 
339	13 
340	28 
341	32 
342	1 
343	4 
344	31 
345	8 
346	32 
347	3 
348	16 
349	17 
350	11 
351	3 
352	9 
353	1 
354	20 
355	2 
356	24 
357	7 
358	14 
359	16 
360	7 
361	28 
362	18 
363	15 
364	10 
365	1 
366	31 
367	6 
368	31 
369	28 
370	2 
371	8 
372	16 
373	5 
374	5 
375	20 
376	11 
377	32 
378	18 
379	12 
380	6 
381	25 
382	10 
383	28 
384	16 
385	8 
386	29 
387	31 
388	1 
389	8 
390	27 
391	19 
392	15 
393	5 
394	19 
395	4 
396	21 
397	28 
398	24 
399	30 
400	23 
401	13 
402	31 
403	12 
404	27 
405	17 
406	10 
407	15 
408	28 
409	9 
410	17 
411	32 
412	14 
413	16 
414	28 
415	15 
416	7 
417	18 
418	9 
419	23 
420	27 
421	18 
422	21 
423	24 
424	20 
425	19 
426	30 
427	30 
428	30 
429	5 
430	32 
431	18 
432	8 
433	16 
434	29 
435	27 
436	19 
437	5 
438	20 
439	30 
440	8 
441	32 
442	11 
443	30 
444	2 
445	6 
446	3 
447	9 
448	12 
449	8 
450	14 
451	7 
452	28 
453	27 
454	21 
455	13 
456	31 
457	32 
458	30 
459	20 
460	18 
461	21 
462	30 
463	28 
464	30 
465	26 
466	24 
467	5 
468	23 
469	29 
470	5 
471	19 
472	19 
473	31 
474	21 
475	16 
476	5 
477	18 
478	30 
479	4 
480	16 
481	28 
482	18 
483	28 
484	19 
485	20 
486	11 
487	6 
488	26 
489	24 
490	11 
491	26 
492	14 
493	7 
494	7 
495	20 
496	22 
497	6 
498	31 
499	27 
500	10 
501	17 
502	10 
503	24 
504	29 
505	7 
506	7 
507	20 
508	1 
509	6 
510	10 
511	9 
512	29 
513	20 
514	21 
515	24 
516	13 
517	30 
518	10 
519	11 
520	32 
521	17 
522	19 
523	23 
524	28 
525	30 
526	4 
527	6 
528	8 
529	31 
530	9 
531	31 
532	8 
533	3 
534	18 
535	28 
536	11 
537	31 
538	19 
539	27 
540	16 
541	4 
542	27 
543	18 
544	30 
545	18 
546	10 
547	9 
548	1 
549	27 
550	1 
551	13 
552	12 
553	18 
554	27 
555	5 
556	1 
557	9 
558	4 
559	1 
560	32 
561	2 
562	32 
563	22 
564	26 
565	21 
566	29 
567	24 
568	6 
569	28 
570	7 
571	18 
572	22 
573	3 
574	9 
575	30 
576	17 
577	20 
578	30 
579	15 
580	19 
581	29 
582	1 
583	24 
584	15 
585	25 
586	20 
587	11 
588	5 
589	26 
590	20 
591	5 
592	25 
593	7 
594	26 
595	25 
596	20 
597	14 
598	17 
599	32 
600	8 
601	24 
602	28 
603	29 
604	31 
605	9 
606	12 
607	15 
608	3 
609	26 
610	2 
611	10 
612	25 
613	18 
614	29 
615	29 
616	3 
617	10 
618	5 
619	12 
620	28 
621	21 
622	18 
623	2 
624	4 
625	32 
626	6 
627	22 
628	20 
629	24 
630	32 
631	9 
632	14 
633	13 
634	22 
635	17 
636	1 
637	2 
638	26 
639	25 
640	5 
641	24 
642	12 
643	4 
644	21 
645	11 
646	19 
647	31 
648	8 
649	8 
650	17 
651	20 
652	13 
653	9 
654	16 
655	25 
656	12 
657	30 
658	31 
659	23 
660	27 
661	18 
662	32 
663	23 
664	15 
665	23 
666	23 
667	5 
668	6 
669	11 
670	14 
671	17 
672	20 
673	18 
674	2 
675	30 
676	32 
677	19 
678	20 
679	18 
680	24 
681	26 
682	17 
683	24 
684	2 
685	29 
686	17 
687	22 
688	31 
689	28 
690	25 
691	9 
692	7 
693	12 
694	24 
695	14 
696	23 
697	24 
698	3 
699	13 
700	24 
701	15 
702	28 
703	11 
704	1 
705	19 
706	8 
707	17 
708	5 
709	16 
710	7 
711	20 
712	24 
713	24 
714	2 
715	26 
716	4 
717	8 
718	9 
719	24 
720	23 
721	11 
722	7 
723	28 
724	14 
725	21 
726	22 
727	32 
728	27 
729	18 
730	21 
731	32 
732	32 
733	2 
734	25 
735	32 
736	31 
737	13 
738	1 
739	20 
740	6 
741	19 
742	27 
743	18 
744	13 
745	32 
746	9 
747	4 
748	13 
749	8 
750	20 
751	26 
752	20 
753	2 
754	1 
755	28 
756	12 
757	6 
758	4 
759	8 
760	11 
761	3 
762	25 
763	21 
764	4 
765	9 
766	20 
767	14 
768	18 
769	9 
770	1 
771	2 
772	16 
773	26 
774	9 
775	11 
776	9 
777	3 
778	25 
779	25 
780	3 
781	13 
782	6 
783	17 
784	31 
785	32 
786	25 
787	26 
788	3 
789	8 
790	32 
791	3 
792	29 
793	8 
794	9 
795	31 
796	22 
797	7 
798	3 
799	12 
800	32 
801	24 
802	19 
803	28 
804	15 
805	27 
806	30 
807	11 
808	7 
809	8 
810	31 
811	14 
812	3 
813	8 
814	13 
815	30 
816	22 
817	26 
818	15 
819	19 
820	10 
821	23 
822	21 
823	3 
824	11 
825	29 
826	18 
827	25 
828	10 
829	20 
830	19 
831	28 
832	5 
833	31 
834	15 
835	1 
836	27 
837	19 
838	4 
839	8 
840	29 
841	19 
842	31 
843	20 
844	12 
845	1 
846	22 
847	11 
848	31 
849	2 
850	21 
851	14 
852	20 
853	13 
854	23 
855	22 
856	4 
857	20 
858	10 
859	26 
860	26 
861	21 
862	1 
863	12 
864	23 
865	19 
866	18 
867	27 
868	25 
869	18 
870	31 
871	20 
872	31 
873	6 
874	3 
875	20 
876	8 
877	30 
878	32 
879	12 
880	31 
881	7 
882	2 
883	11 
884	32 
885	29 
886	22 
887	8 
888	16 
889	19 
890	20 
891	30 
892	8 
893	15 
894	4 
895	3 
896	21 
897	21 
898	15 
899	31 
900	15 
901	20 
902	25 
903	12 
904	24 
905	18 
906	28 
907	32 
908	12 
909	30 
910	31 
911	25 
912	15 
913	32 
914	3 
915	3 
916	8 
917	20 
918	3 
919	14 
920	18 
921	31 
922	4 
923	31 
924	24 
925	24 
926	32 
927	7 
928	18 
929	21 
930	26 
931	32 
932	24 
933	31 
934	1 
935	9 
936	28 
937	20 
938	32 
939	21 
940	32 
941	31 
942	28 
943	21 
944	14 
945	26 
946	21 
947	11 
948	30 
949	26 
950	24 
951	32 
952	19 
953	8 
954	30 
955	30 
956	21 
957	30 
958	21 
959	21 
960	1 
961	32 
962	1 
963	1 
964	21 
965	32 
966	18 
967	32 
968	24 
969	18 
970	24 
971	28 
972	32 
973	30 
974	8 
975	30 
976	20 
977	9 
978	28 
979	32 
980	24 
981	8 
982	8 
983	8 
984	21 
985	32 
986	9 
987	8 
988	20 
989	21 
990	20 
991	9 
992	8 
993	20 
994	8 
995	9 
996	20 
997	8 
998	31 
999	30 
1000	30 
