1	12 
2	28 
3	26 
4	28 
5	13 
6	7 
7	28 
8	6 
9	2 
10	16 
11	14 
12	4 
13	26 
14	12 
15	17 
16	14 
17	29 
18	4 
19	27 
20	6 
21	19 
22	19 
23	14 
24	15 
25	10 
26	9 
27	20 
28	28 
29	26 
30	6 
31	14 
32	8 
33	8 
34	24 
35	19 
36	14 
37	28 
38	6 
39	23 
40	3 
41	16 
42	3 
43	15 
44	16 
45	24 
46	12 
47	5 
48	7 
49	1 
50	9 
51	19 
52	28 
53	13 
54	8 
55	3 
56	3 
57	3 
58	18 
59	28 
60	11 
61	16 
62	29 
63	18 
64	26 
65	7 
66	26 
67	24 
68	18 
69	4 
70	3 
71	28 
72	18 
73	19 
74	11 
75	13 
76	7 
77	29 
78	2 
79	1 
80	14 
81	14 
82	29 
83	5 
84	1 
85	8 
86	28 
87	20 
88	22 
89	10 
90	21 
91	15 
92	7 
93	18 
94	12 
95	6 
96	8 
97	12 
98	26 
99	18 
100	11 
101	20 
102	28 
103	3 
104	20 
105	11 
106	17 
107	29 
108	2 
109	28 
110	29 
111	8 
112	2 
113	9 
114	5 
115	25 
116	21 
117	20 
118	12 
119	24 
120	26 
121	6 
122	29 
123	7 
124	6 
125	22 
126	20 
127	15 
128	2 
129	13 
130	21 
131	10 
132	4 
133	6 
134	8 
135	29 
136	27 
137	11 
138	13 
139	29 
140	4 
141	10 
142	26 
143	27 
144	18 
145	24 
146	4 
147	27 
148	2 
149	29 
150	21 
151	11 
152	14 
153	1 
154	28 
155	6 
156	19 
157	1 
158	16 
159	18 
160	10 
161	26 
162	25 
163	24 
164	8 
165	20 
166	3 
167	17 
168	21 
169	14 
170	8 
171	10 
172	18 
173	4 
174	14 
175	7 
176	11 
177	5 
178	1 
179	2 
180	27 
181	12 
182	15 
183	26 
184	5 
185	3 
186	4 
187	11 
188	1 
189	7 
190	26 
191	28 
192	26 
193	2 
194	13 
195	11 
196	18 
197	1 
198	11 
199	8 
200	4 
201	1 
202	7 
203	7 
204	2 
205	16 
206	14 
207	12 
208	5 
209	8 
210	8 
211	11 
212	4 
213	3 
214	17 
215	16 
216	7 
217	23 
218	4 
219	20 
220	18 
221	21 
222	10 
223	4 
224	25 
225	10 
226	16 
227	3 
228	4 
229	12 
230	1 
231	19 
232	1 
233	11 
234	8 
235	10 
236	20 
237	24 
238	23 
239	21 
240	3 
241	6 
242	20 
243	24 
244	14 
245	5 
246	7 
247	1 
248	9 
249	26 
250	21 
251	16 
252	11 
253	28 
254	11 
255	26 
256	16 
257	18 
258	23 
259	17 
260	13 
261	27 
262	15 
263	14 
264	25 
265	5 
266	6 
267	22 
268	1 
269	2 
270	7 
271	24 
272	27 
273	22 
274	1 
275	6 
276	18 
277	26 
278	19 
279	15 
280	27 
281	14 
282	2 
283	15 
284	19 
285	29 
286	23 
287	21 
288	4 
289	26 
290	11 
291	2 
292	25 
293	5 
294	28 
295	16 
296	19 
297	15 
298	2 
299	17 
300	26 
301	1 
302	4 
303	9 
304	19 
305	3 
306	5 
307	5 
308	19 
309	8 
310	17 
311	22 
312	29 
313	4 
314	15 
315	18 
316	14 
317	24 
318	16 
319	8 
320	6 
321	26 
322	1 
323	16 
324	27 
325	9 
326	14 
327	4 
328	8 
329	29 
330	14 
331	26 
332	14 
333	22 
334	12 
335	28 
336	3 
337	20 
338	7 
339	12 
340	27 
341	19 
342	5 
343	9 
344	9 
345	14 
346	4 
347	23 
348	18 
349	5 
350	1 
351	4 
352	14 
353	9 
354	19 
355	20 
356	25 
357	28 
358	9 
359	7 
360	10 
361	6 
362	21 
363	24 
364	11 
365	8 
366	22 
367	26 
368	20 
369	23 
370	25 
371	5 
372	18 
373	22 
374	18 
375	10 
376	13 
377	28 
378	1 
379	1 
380	8 
381	17 
382	13 
383	14 
384	4 
385	13 
386	9 
387	20 
388	8 
389	8 
390	15 
391	29 
392	16 
393	1 
394	15 
395	21 
396	18 
397	13 
398	11 
399	23 
400	1 
401	15 
402	17 
403	27 
404	11 
405	24 
406	1 
407	29 
408	25 
409	26 
410	23 
411	28 
412	6 
413	1 
414	8 
415	7 
416	10 
417	10 
418	9 
419	26 
420	16 
421	22 
422	12 
423	12 
424	25 
425	18 
426	10 
427	21 
428	26 
429	20 
430	6 
431	18 
432	11 
433	28 
434	15 
435	7 
436	1 
437	3 
438	3 
439	10 
440	19 
441	8 
442	3 
443	12 
444	6 
445	7 
446	25 
447	21 
448	9 
449	11 
450	1 
451	26 
452	24 
453	11 
454	3 
455	27 
456	19 
457	27 
458	8 
459	19 
460	10 
461	28 
462	25 
463	4 
464	29 
465	9 
466	24 
467	24 
468	13 
469	6 
470	1 
471	18 
472	8 
473	26 
474	10 
475	22 
476	24 
477	13 
478	21 
479	9 
480	18 
481	19 
482	15 
483	10 
484	10 
485	8 
486	17 
487	15 
488	8 
489	7 
490	15 
491	19 
492	8 
493	28 
494	12 
495	28 
496	27 
497	16 
498	7 
499	13 
500	5 
501	7 
502	8 
503	23 
504	23 
505	6 
506	5 
507	24 
508	19 
509	22 
510	16 
511	18 
512	22 
513	20 
514	25 
515	3 
516	16 
517	2 
518	28 
519	19 
520	2 
521	21 
522	3 
523	17 
524	12 
525	8 
526	19 
527	21 
528	2 
529	2 
530	27 
531	5 
532	11 
533	5 
534	1 
535	10 
536	21 
537	16 
538	24 
539	8 
540	7 
541	18 
542	7 
543	1 
544	15 
545	9 
546	14 
547	7 
548	7 
549	24 
550	16 
551	17 
552	23 
553	20 
554	29 
555	3 
556	21 
557	17 
558	25 
559	26 
560	16 
561	11 
562	12 
563	12 
564	13 
565	19 
566	28 
567	13 
568	3 
569	18 
570	18 
571	8 
572	8 
573	4 
574	9 
575	18 
576	25 
577	24 
578	17 
579	7 
580	15 
581	19 
582	16 
583	9 
584	24 
585	6 
586	16 
587	21 
588	18 
589	29 
590	12 
591	26 
592	4 
593	29 
594	24 
595	18 
596	16 
597	8 
598	22 
599	13 
600	24 
601	9 
602	6 
603	24 
604	20 
605	26 
606	1 
607	26 
608	16 
609	18 
610	29 
611	4 
612	10 
613	29 
614	13 
615	24 
616	16 
617	26 
618	26 
619	19 
620	13 
621	13 
622	21 
623	26 
624	7 
625	27 
626	20 
627	18 
628	27 
629	6 
630	12 
631	10 
632	20 
633	27 
634	26 
635	12 
636	20 
637	13 
638	14 
639	3 
640	17 
641	16 
642	26 
643	15 
644	2 
645	6 
646	25 
647	19 
648	26 
649	29 
650	27 
651	28 
652	17 
653	28 
654	3 
655	24 
656	29 
657	4 
658	27 
659	13 
660	20 
661	13 
662	24 
663	20 
664	23 
665	5 
666	22 
667	18 
668	12 
669	3 
670	15 
671	2 
672	26 
673	19 
674	14 
675	20 
676	7 
677	12 
678	22 
679	7 
680	3 
681	12 
682	4 
683	6 
684	19 
685	23 
686	6 
687	12 
688	19 
689	10 
690	5 
691	27 
692	3 
693	1 
694	21 
695	15 
696	27 
697	24 
698	25 
699	8 
700	7 
701	27 
702	9 
703	12 
704	5 
705	13 
706	22 
707	20 
708	2 
709	2 
710	24 
711	6 
712	10 
713	11 
714	5 
715	19 
716	18 
717	27 
718	9 
719	8 
720	19 
721	10 
722	3 
723	22 
724	25 
725	13 
726	4 
727	6 
728	18 
729	7 
730	19 
731	4 
732	23 
733	13 
734	17 
735	23 
736	21 
737	19 
738	4 
739	3 
740	22 
741	6 
742	10 
743	19 
744	22 
745	2 
746	11 
747	10 
748	9 
749	5 
750	15 
751	6 
752	12 
753	26 
754	25 
755	26 
756	7 
757	1 
758	8 
759	1 
760	2 
761	27 
762	20 
763	1 
764	4 
765	12 
766	8 
767	16 
768	15 
769	5 
770	19 
771	28 
772	24 
773	23 
774	1 
775	27 
776	27 
777	10 
778	25 
779	10 
780	22 
781	29 
782	12 
783	9 
784	18 
785	17 
786	1 
787	29 
788	12 
789	14 
790	9 
791	12 
792	20 
793	23 
794	3 
795	11 
796	12 
797	16 
798	6 
799	5 
800	22 
801	8 
802	11 
803	25 
804	7 
805	6 
806	19 
807	26 
808	5 
809	23 
810	11 
811	7 
812	4 
813	19 
814	21 
815	6 
816	13 
817	1 
818	11 
819	6 
820	8 
821	3 
822	8 
823	28 
824	28 
825	15 
826	6 
827	19 
828	20 
829	6 
830	20 
831	11 
832	24 
833	29 
834	16 
835	8 
836	19 
837	7 
838	29 
839	15 
840	26 
841	4 
842	15 
843	28 
844	24 
845	4 
846	2 
847	6 
848	7 
849	13 
850	15 
851	4 
852	11 
853	26 
854	20 
855	24 
856	14 
857	13 
858	12 
859	11 
860	17 
861	25 
862	18 
863	25 
864	22 
865	1 
866	8 
867	28 
868	6 
869	24 
870	3 
871	2 
872	25 
873	16 
874	29 
875	24 
876	10 
877	12 
878	16 
879	2 
880	18 
881	23 
882	29 
883	10 
884	4 
885	28 
886	1 
887	6 
888	4 
889	14 
890	17 
891	29 
892	28 
893	9 
894	24 
895	23 
896	12 
897	5 
898	21 
899	26 
900	17 
901	14 
902	19 
903	23 
904	10 
905	27 
906	9 
907	5 
908	19 
909	15 
910	6 
911	27 
912	23 
913	11 
914	19 
915	8 
916	3 
917	24 
918	28 
919	6 
920	1 
921	4 
922	15 
923	14 
924	22 
925	15 
926	2 
927	24 
928	21 
929	3 
930	19 
931	10 
932	24 
933	19 
934	29 
935	7 
936	20 
937	16 
938	13 
939	12 
940	6 
941	18 
942	29 
943	23 
944	23 
945	21 
946	5 
947	25 
948	4 
949	28 
950	8 
951	28 
952	25 
953	8 
954	26 
955	14 
956	24 
957	6 
958	5 
959	26 
960	18 
961	3 
962	25 
963	20 
964	29 
965	20 
966	18 
967	26 
968	6 
969	8 
970	21 
971	7 
972	24 
973	15 
974	4 
975	24 
976	5 
977	6 
978	6 
979	14 
980	3 
981	5 
982	3 
983	5 
984	4 
985	19 
986	16 
987	19 
988	4 
989	26 
990	5 
991	3 
992	4 
993	12 
994	3 
995	3 
996	13 
997	5 
998	1 
999	3 
1000	3 
