1	23 
2	27 
3	19 
4	19 
5	8 
6	7 
7	24 
8	13 
9	8 
10	20 
11	21 
12	9 
13	5 
14	22 
15	16 
16	18 
17	9 
18	23 
19	18 
20	27 
21	14 
22	20 
23	4 
24	7 
25	30 
26	10 
27	8 
28	21 
29	25 
30	13 
31	18 
32	25 
33	5 
34	27 
35	6 
36	26 
37	22 
38	24 
39	18 
40	16 
41	14 
42	19 
43	7 
44	14 
45	1 
46	3 
47	28 
48	7 
49	30 
50	30 
51	12 
52	9 
53	4 
54	10 
55	7 
56	8 
57	22 
58	1 
59	5 
60	24 
61	19 
62	17 
63	28 
64	28 
65	13 
66	31 
67	16 
68	27 
69	12 
70	29 
71	30 
72	8 
73	9 
74	24 
75	17 
76	8 
77	1 
78	30 
79	8 
80	20 
81	6 
82	9 
83	10 
84	13 
85	21 
86	16 
87	16 
88	18 
89	14 
90	11 
91	3 
92	6 
93	13 
94	21 
95	13 
96	12 
97	20 
98	30 
99	4 
100	7 
101	15 
102	23 
103	26 
104	1 
105	18 
106	9 
107	19 
108	2 
109	25 
110	29 
111	16 
112	6 
113	27 
114	13 
115	30 
116	6 
117	25 
118	20 
119	25 
120	16 
121	28 
122	24 
123	28 
124	23 
125	9 
126	23 
127	13 
128	10 
129	27 
130	4 
131	11 
132	15 
133	24 
134	20 
135	5 
136	12 
137	21 
138	16 
139	26 
140	18 
141	15 
142	11 
143	7 
144	27 
145	21 
146	13 
147	28 
148	6 
149	18 
150	16 
151	10 
152	28 
153	29 
154	22 
155	26 
156	31 
157	26 
158	16 
159	29 
160	19 
161	18 
162	7 
163	14 
164	28 
165	6 
166	19 
167	19 
168	7 
169	4 
170	13 
171	10 
172	14 
173	17 
174	28 
175	9 
176	21 
177	30 
178	9 
179	13 
180	15 
181	1 
182	17 
183	26 
184	13 
185	1 
186	14 
187	4 
188	22 
189	25 
190	22 
191	2 
192	12 
193	15 
194	25 
195	15 
196	8 
197	13 
198	7 
199	8 
200	16 
201	14 
202	16 
203	16 
204	19 
205	30 
206	19 
207	1 
208	24 
209	14 
210	21 
211	2 
212	13 
213	9 
214	18 
215	19 
216	10 
217	11 
218	18 
219	21 
220	24 
221	2 
222	6 
223	24 
224	27 
225	1 
226	28 
227	22 
228	22 
229	17 
230	7 
231	21 
232	19 
233	18 
234	6 
235	11 
236	21 
237	28 
238	31 
239	26 
240	29 
241	13 
242	14 
243	21 
244	4 
245	8 
246	15 
247	9 
248	4 
249	23 
250	9 
251	4 
252	29 
253	3 
254	17 
255	21 
256	24 
257	28 
258	8 
259	2 
260	12 
261	7 
262	16 
263	18 
264	3 
265	13 
266	15 
267	13 
268	21 
269	19 
270	6 
271	28 
272	19 
273	27 
274	23 
275	27 
276	4 
277	25 
278	5 
279	4 
280	29 
281	17 
282	19 
283	23 
284	17 
285	30 
286	19 
287	18 
288	13 
289	20 
290	2 
291	18 
292	15 
293	17 
294	4 
295	23 
296	2 
297	27 
298	15 
299	10 
300	27 
301	2 
302	10 
303	5 
304	25 
305	5 
306	20 
307	10 
308	6 
309	21 
310	26 
311	12 
312	14 
313	18 
314	30 
315	18 
316	17 
317	20 
318	14 
319	18 
320	3 
321	7 
322	17 
323	4 
324	12 
325	28 
326	21 
327	29 
328	25 
329	15 
330	20 
331	3 
332	4 
333	16 
334	27 
335	15 
336	14 
337	28 
338	15 
339	27 
340	10 
341	5 
342	4 
343	15 
344	3 
345	31 
346	19 
347	19 
348	5 
349	7 
350	22 
351	1 
352	25 
353	2 
354	26 
355	2 
356	9 
357	20 
358	13 
359	9 
360	16 
361	3 
362	16 
363	23 
364	28 
365	14 
366	10 
367	17 
368	3 
369	8 
370	17 
371	26 
372	21 
373	26 
374	31 
375	31 
376	12 
377	7 
378	4 
379	6 
380	14 
381	15 
382	10 
383	8 
384	23 
385	31 
386	10 
387	30 
388	21 
389	10 
390	9 
391	24 
392	31 
393	13 
394	22 
395	6 
396	4 
397	8 
398	5 
399	2 
400	30 
401	25 
402	28 
403	14 
404	1 
405	14 
406	24 
407	22 
408	6 
409	31 
410	12 
411	28 
412	3 
413	31 
414	28 
415	1 
416	8 
417	10 
418	24 
419	15 
420	27 
421	2 
422	3 
423	26 
424	12 
425	31 
426	8 
427	23 
428	22 
429	13 
430	20 
431	14 
432	15 
433	27 
434	5 
435	28 
436	12 
437	25 
438	31 
439	22 
440	27 
441	18 
442	9 
443	13 
444	7 
445	8 
446	2 
447	6 
448	28 
449	10 
450	15 
451	29 
452	21 
453	6 
454	18 
455	9 
456	14 
457	11 
458	31 
459	21 
460	19 
461	15 
462	22 
463	27 
464	29 
465	8 
466	11 
467	31 
468	2 
469	12 
470	5 
471	17 
472	4 
473	13 
474	9 
475	14 
476	25 
477	30 
478	24 
479	27 
480	31 
481	14 
482	29 
483	2 
484	26 
485	18 
486	16 
487	6 
488	8 
489	6 
490	6 
491	16 
492	16 
493	19 
494	27 
495	2 
496	9 
497	20 
498	12 
499	1 
500	26 
501	25 
502	1 
503	14 
504	16 
505	7 
506	25 
507	23 
508	9 
509	3 
510	11 
511	28 
512	26 
513	16 
514	11 
515	4 
516	28 
517	10 
518	5 
519	17 
520	10 
521	10 
522	1 
523	27 
524	11 
525	9 
526	30 
527	22 
528	11 
529	31 
530	27 
531	16 
532	23 
533	5 
534	15 
535	18 
536	9 
537	10 
538	24 
539	13 
540	27 
541	24 
542	15 
543	4 
544	21 
545	5 
546	7 
547	18 
548	1 
549	2 
550	22 
551	22 
552	31 
553	17 
554	5 
555	25 
556	6 
557	24 
558	14 
559	29 
560	27 
561	10 
562	7 
563	7 
564	4 
565	21 
566	6 
567	4 
568	1 
569	30 
570	11 
571	24 
572	9 
573	15 
574	16 
575	5 
576	4 
577	21 
578	16 
579	6 
580	11 
581	16 
582	24 
583	1 
584	25 
585	31 
586	31 
587	10 
588	8 
589	6 
590	9 
591	20 
592	22 
593	15 
594	28 
595	3 
596	5 
597	9 
598	10 
599	10 
600	21 
601	12 
602	19 
603	15 
604	18 
605	25 
606	13 
607	14 
608	27 
609	27 
610	7 
611	21 
612	3 
613	26 
614	15 
615	9 
616	6 
617	31 
618	12 
619	14 
620	13 
621	9 
622	29 
623	8 
624	5 
625	19 
626	21 
627	30 
628	27 
629	30 
630	14 
631	16 
632	9 
633	26 
634	19 
635	16 
636	27 
637	23 
638	31 
639	6 
640	3 
641	16 
642	29 
643	25 
644	29 
645	11 
646	2 
647	26 
648	10 
649	23 
650	30 
651	21 
652	31 
653	28 
654	3 
655	31 
656	4 
657	20 
658	8 
659	10 
660	6 
661	7 
662	15 
663	14 
664	22 
665	8 
666	5 
667	21 
668	18 
669	17 
670	18 
671	2 
672	23 
673	16 
674	18 
675	7 
676	14 
677	19 
678	26 
679	24 
680	14 
681	17 
682	20 
683	23 
684	30 
685	9 
686	13 
687	22 
688	8 
689	16 
690	30 
691	6 
692	9 
693	3 
694	24 
695	12 
696	1 
697	11 
698	15 
699	29 
700	28 
701	20 
702	17 
703	21 
704	22 
705	9 
706	10 
707	9 
708	7 
709	8 
710	20 
711	11 
712	14 
713	28 
714	11 
715	2 
716	23 
717	24 
718	2 
719	3 
720	19 
721	3 
722	6 
723	6 
724	25 
725	12 
726	30 
727	21 
728	9 
729	25 
730	9 
731	27 
732	22 
733	30 
734	30 
735	15 
736	25 
737	10 
738	19 
739	10 
740	17 
741	16 
742	29 
743	13 
744	18 
745	11 
746	21 
747	15 
748	25 
749	1 
750	30 
751	28 
752	17 
753	17 
754	17 
755	10 
756	30 
757	14 
758	19 
759	7 
760	14 
761	10 
762	16 
763	17 
764	9 
765	19 
766	27 
767	15 
768	3 
769	27 
770	1 
771	16 
772	30 
773	30 
774	19 
775	25 
776	9 
777	11 
778	20 
779	28 
780	5 
781	12 
782	14 
783	30 
784	14 
785	11 
786	8 
787	20 
788	16 
789	28 
790	18 
791	3 
792	3 
793	29 
794	9 
795	15 
796	2 
797	14 
798	15 
799	2 
800	4 
801	6 
802	14 
803	3 
804	5 
805	10 
806	14 
807	9 
808	6 
809	14 
810	24 
811	29 
812	20 
813	10 
814	2 
815	29 
816	19 
817	9 
818	6 
819	18 
820	9 
821	24 
822	26 
823	6 
824	11 
825	17 
826	25 
827	11 
828	17 
829	2 
830	27 
831	14 
832	17 
833	22 
834	10 
835	18 
836	6 
837	12 
838	11 
839	15 
840	2 
841	27 
842	16 
843	19 
844	6 
845	17 
846	31 
847	19 
848	13 
849	28 
850	18 
851	8 
852	23 
853	17 
854	23 
855	19 
856	5 
857	9 
858	27 
859	12 
860	2 
861	6 
862	31 
863	17 
864	17 
865	24 
866	12 
867	23 
868	15 
869	1 
870	8 
871	5 
872	31 
873	1 
874	21 
875	1 
876	19 
877	1 
878	5 
879	31 
880	5 
881	2 
882	24 
883	8 
884	17 
885	14 
886	9 
887	16 
888	6 
889	19 
890	22 
891	15 
892	19 
893	7 
894	6 
895	13 
896	24 
897	16 
898	11 
899	19 
900	16 
901	17 
902	10 
903	19 
904	16 
905	18 
906	14 
907	14 
908	24 
909	27 
910	24 
911	25 
912	5 
913	28 
914	6 
915	7 
916	8 
917	30 
918	16 
919	30 
920	4 
921	5 
922	14 
923	27 
924	15 
925	28 
926	4 
927	30 
928	13 
929	24 
930	21 
931	8 
932	16 
933	16 
934	21 
935	30 
936	14 
937	14 
938	30 
939	27 
940	19 
941	16 
942	30 
943	13 
944	24 
945	24 
946	21 
947	21 
948	14 
949	30 
950	19 
951	9 
952	19 
953	19 
954	18 
955	30 
956	19 
957	13 
958	6 
959	8 
960	6 
961	10 
962	30 
963	21 
964	14 
965	18 
966	30 
967	9 
968	18 
969	9 
970	21 
971	30 
972	14 
973	9 
974	21 
975	21 
976	21 
977	18 
978	18 
979	9 
980	10 
981	19 
982	6 
983	21 
984	14 
985	18 
986	21 
987	6 
988	10 
989	30 
990	21 
991	16 
992	30 
993	10 
994	6 
995	30 
996	10 
997	16 
998	30 
999	9 
1000	30 
