1	1 
2	26 
3	22 
4	5 
5	29 
6	20 
7	10 
8	13 
9	30 
10	10 
11	16 
12	10 
13	3 
14	26 
15	12 
16	9 
17	23 
18	30 
19	15 
20	4 
21	14 
22	20 
23	11 
24	28 
25	21 
26	12 
27	5 
28	20 
29	5 
30	17 
31	15 
32	6 
33	2 
34	24 
35	29 
36	26 
37	23 
38	24 
39	26 
40	7 
41	25 
42	5 
43	23 
44	6 
45	23 
46	19 
47	12 
48	9 
49	10 
50	20 
51	22 
52	24 
53	27 
54	17 
55	16 
56	26 
57	21 
58	21 
59	16 
60	13 
61	18 
62	26 
63	19 
64	18 
65	2 
66	8 
67	5 
68	27 
69	12 
70	9 
71	17 
72	29 
73	11 
74	13 
75	10 
76	1 
77	16 
78	14 
79	24 
80	22 
81	29 
82	20 
83	15 
84	2 
85	16 
86	7 
87	8 
88	10 
89	30 
90	3 
91	22 
92	21 
93	21 
94	21 
95	21 
96	1 
97	7 
98	16 
99	24 
100	13 
101	25 
102	19 
103	28 
104	26 
105	14 
106	12 
107	9 
108	10 
109	3 
110	14 
111	2 
112	6 
113	12 
114	19 
115	26 
116	8 
117	20 
118	10 
119	14 
120	7 
121	12 
122	11 
123	19 
124	13 
125	19 
126	28 
127	8 
128	27 
129	21 
130	23 
131	15 
132	20 
133	29 
134	24 
135	29 
136	4 
137	7 
138	18 
139	19 
140	29 
141	24 
142	25 
143	23 
144	18 
145	21 
146	24 
147	24 
148	18 
149	5 
150	10 
151	5 
152	19 
153	24 
154	18 
155	22 
156	10 
157	19 
158	11 
159	30 
160	20 
161	8 
162	15 
163	12 
164	23 
165	25 
166	27 
167	8 
168	25 
169	23 
170	11 
171	14 
172	27 
173	26 
174	1 
175	7 
176	4 
177	9 
178	30 
179	13 
180	2 
181	16 
182	17 
183	4 
184	28 
185	29 
186	24 
187	2 
188	18 
189	23 
190	16 
191	22 
192	21 
193	30 
194	24 
195	16 
196	17 
197	11 
198	27 
199	10 
200	15 
201	17 
202	25 
203	3 
204	14 
205	4 
206	11 
207	30 
208	30 
209	17 
210	7 
211	24 
212	24 
213	3 
214	20 
215	2 
216	11 
217	7 
218	23 
219	3 
220	3 
221	5 
222	7 
223	10 
224	30 
225	9 
226	3 
227	7 
228	26 
229	5 
230	28 
231	16 
232	20 
233	18 
234	9 
235	16 
236	30 
237	24 
238	10 
239	27 
240	6 
241	9 
242	27 
243	13 
244	3 
245	2 
246	17 
247	3 
248	6 
249	16 
250	5 
251	12 
252	9 
253	7 
254	9 
255	1 
256	4 
257	30 
258	4 
259	22 
260	17 
261	8 
262	29 
263	13 
264	7 
265	6 
266	12 
267	28 
268	3 
269	30 
270	5 
271	4 
272	8 
273	4 
274	14 
275	6 
276	11 
277	21 
278	20 
279	1 
280	18 
281	7 
282	7 
283	28 
284	24 
285	22 
286	24 
287	19 
288	11 
289	16 
290	18 
291	10 
292	25 
293	7 
294	15 
295	6 
296	25 
297	16 
298	20 
299	25 
300	6 
301	11 
302	16 
303	24 
304	2 
305	18 
306	30 
307	29 
308	24 
309	10 
310	2 
311	21 
312	21 
313	4 
314	3 
315	9 
316	2 
317	20 
318	7 
319	6 
320	21 
321	6 
322	11 
323	6 
324	21 
325	10 
326	1 
327	17 
328	12 
329	14 
330	5 
331	22 
332	28 
333	15 
334	20 
335	13 
336	21 
337	28 
338	26 
339	19 
340	17 
341	6 
342	17 
343	7 
344	24 
345	8 
346	6 
347	16 
348	20 
349	28 
350	18 
351	7 
352	14 
353	23 
354	3 
355	10 
356	10 
357	30 
358	8 
359	24 
360	12 
361	9 
362	8 
363	22 
364	30 
365	15 
366	30 
367	2 
368	14 
369	6 
370	12 
371	29 
372	14 
373	23 
374	19 
375	25 
376	22 
377	1 
378	3 
379	2 
380	9 
381	15 
382	7 
383	14 
384	6 
385	14 
386	25 
387	23 
388	21 
389	23 
390	29 
391	16 
392	23 
393	26 
394	7 
395	20 
396	13 
397	10 
398	24 
399	16 
400	2 
401	4 
402	20 
403	21 
404	9 
405	17 
406	11 
407	16 
408	2 
409	8 
410	13 
411	12 
412	25 
413	16 
414	5 
415	5 
416	1 
417	23 
418	2 
419	14 
420	14 
421	12 
422	27 
423	10 
424	17 
425	30 
426	13 
427	28 
428	18 
429	27 
430	8 
431	17 
432	28 
433	23 
434	6 
435	19 
436	20 
437	11 
438	10 
439	9 
440	5 
441	12 
442	17 
443	24 
444	9 
445	7 
446	1 
447	27 
448	14 
449	21 
450	22 
451	19 
452	21 
453	8 
454	28 
455	17 
456	4 
457	15 
458	15 
459	7 
460	18 
461	27 
462	26 
463	16 
464	13 
465	20 
466	9 
467	7 
468	13 
469	21 
470	18 
471	7 
472	15 
473	9 
474	9 
475	2 
476	30 
477	9 
478	1 
479	13 
480	20 
481	19 
482	16 
483	8 
484	30 
485	14 
486	22 
487	22 
488	13 
489	3 
490	16 
491	30 
492	3 
493	11 
494	17 
495	12 
496	23 
497	21 
498	6 
499	7 
500	14 
501	16 
502	7 
503	28 
504	25 
505	28 
506	8 
507	3 
508	30 
509	24 
510	26 
511	13 
512	22 
513	11 
514	19 
515	25 
516	10 
517	7 
518	26 
519	19 
520	19 
521	26 
522	14 
523	7 
524	18 
525	12 
526	25 
527	4 
528	13 
529	29 
530	19 
531	16 
532	26 
533	15 
534	26 
535	13 
536	22 
537	11 
538	28 
539	9 
540	12 
541	21 
542	2 
543	5 
544	21 
545	4 
546	24 
547	23 
548	11 
549	15 
550	13 
551	6 
552	6 
553	29 
554	21 
555	27 
556	4 
557	19 
558	26 
559	10 
560	6 
561	27 
562	3 
563	21 
564	19 
565	7 
566	15 
567	5 
568	21 
569	10 
570	16 
571	24 
572	18 
573	10 
574	1 
575	1 
576	17 
577	29 
578	24 
579	15 
580	24 
581	18 
582	30 
583	1 
584	25 
585	4 
586	19 
587	12 
588	24 
589	10 
590	5 
591	12 
592	6 
593	1 
594	5 
595	3 
596	30 
597	4 
598	15 
599	11 
600	12 
601	8 
602	14 
603	14 
604	27 
605	28 
606	18 
607	20 
608	25 
609	11 
610	2 
611	21 
612	23 
613	5 
614	2 
615	25 
616	23 
617	27 
618	18 
619	24 
620	14 
621	1 
622	18 
623	20 
624	24 
625	24 
626	28 
627	16 
628	29 
629	12 
630	25 
631	15 
632	18 
633	29 
634	30 
635	21 
636	2 
637	21 
638	5 
639	22 
640	17 
641	22 
642	29 
643	23 
644	25 
645	4 
646	13 
647	25 
648	15 
649	29 
650	7 
651	10 
652	9 
653	15 
654	8 
655	18 
656	16 
657	20 
658	16 
659	3 
660	21 
661	6 
662	25 
663	25 
664	5 
665	27 
666	1 
667	26 
668	16 
669	8 
670	8 
671	9 
672	11 
673	5 
674	23 
675	27 
676	16 
677	11 
678	1 
679	11 
680	6 
681	10 
682	26 
683	25 
684	4 
685	6 
686	13 
687	21 
688	3 
689	16 
690	4 
691	29 
692	8 
693	28 
694	26 
695	9 
696	16 
697	26 
698	7 
699	15 
700	15 
701	11 
702	28 
703	28 
704	22 
705	6 
706	24 
707	9 
708	9 
709	29 
710	26 
711	22 
712	26 
713	29 
714	25 
715	5 
716	27 
717	11 
718	24 
719	18 
720	28 
721	1 
722	3 
723	19 
724	8 
725	11 
726	1 
727	10 
728	24 
729	16 
730	22 
731	4 
732	16 
733	19 
734	7 
735	15 
736	14 
737	1 
738	4 
739	24 
740	23 
741	15 
742	29 
743	2 
744	22 
745	20 
746	28 
747	4 
748	8 
749	6 
750	11 
751	16 
752	27 
753	19 
754	14 
755	2 
756	9 
757	23 
758	25 
759	12 
760	6 
761	8 
762	11 
763	28 
764	7 
765	3 
766	29 
767	19 
768	27 
769	11 
770	10 
771	22 
772	7 
773	13 
774	7 
775	21 
776	11 
777	20 
778	22 
779	11 
780	24 
781	19 
782	22 
783	9 
784	21 
785	14 
786	9 
787	22 
788	6 
789	14 
790	9 
791	11 
792	5 
793	29 
794	23 
795	15 
796	8 
797	3 
798	10 
799	8 
800	24 
801	27 
802	22 
803	27 
804	13 
805	24 
806	6 
807	5 
808	10 
809	5 
810	17 
811	5 
812	24 
813	10 
814	29 
815	11 
816	15 
817	6 
818	10 
819	1 
820	5 
821	15 
822	10 
823	9 
824	21 
825	27 
826	28 
827	22 
828	20 
829	16 
830	3 
831	21 
832	1 
833	6 
834	5 
835	25 
836	28 
837	24 
838	16 
839	29 
840	9 
841	17 
842	28 
843	23 
844	3 
845	13 
846	10 
847	15 
848	16 
849	10 
850	29 
851	6 
852	10 
853	1 
854	4 
855	28 
856	29 
857	30 
858	16 
859	3 
860	10 
861	23 
862	28 
863	7 
864	8 
865	25 
866	21 
867	5 
868	3 
869	30 
870	4 
871	18 
872	8 
873	22 
874	10 
875	26 
876	28 
877	6 
878	6 
879	30 
880	21 
881	14 
882	2 
883	16 
884	6 
885	11 
886	25 
887	2 
888	18 
889	18 
890	26 
891	14 
892	21 
893	7 
894	2 
895	16 
896	3 
897	18 
898	2 
899	24 
900	5 
901	3 
902	18 
903	2 
904	5 
905	28 
906	2 
907	25 
908	22 
909	18 
910	26 
911	24 
912	9 
913	30 
914	30 
915	14 
916	26 
917	6 
918	25 
919	21 
920	18 
921	18 
922	3 
923	11 
924	21 
925	22 
926	7 
927	7 
928	9 
929	7 
930	10 
931	10 
932	11 
933	3 
934	5 
935	21 
936	14 
937	14 
938	18 
939	11 
940	16 
941	11 
942	14 
943	14 
944	22 
945	5 
946	18 
947	22 
948	10 
949	22 
950	16 
951	3 
952	25 
953	11 
954	14 
955	7 
956	18 
957	25 
958	24 
959	18 
960	10 
961	16 
962	24 
963	25 
964	25 
965	21 
966	11 
967	7 
968	18 
969	16 
970	14 
971	25 
972	6 
973	25 
974	5 
975	25 
976	16 
977	25 
978	5 
979	25 
980	24 
981	7 
982	10 
983	18 
984	25 
985	21 
986	10 
987	10 
988	7 
989	7 
990	10 
991	21 
992	7 
993	21 
994	25 
995	16 
996	11 
997	16 
998	25 
999	25 
1000	16 
