1	8 
2	13 
3	25 
4	23 
5	13 
6	26 
7	12 
8	14 
9	9 
10	28 
11	2 
12	29 
13	9 
14	14 
15	33 
16	24 
17	5 
18	5 
19	21 
20	8 
21	5 
22	19 
23	7 
24	11 
25	17 
26	19 
27	14 
28	8 
29	31 
30	23 
31	31 
32	5 
33	28 
34	21 
35	3 
36	28 
37	26 
38	24 
39	11 
40	27 
41	4 
42	33 
43	27 
44	9 
45	7 
46	25 
47	12 
48	17 
49	8 
50	7 
51	27 
52	9 
53	9 
54	30 
55	23 
56	1 
57	6 
58	16 
59	2 
60	18 
61	14 
62	4 
63	12 
64	6 
65	27 
66	17 
67	14 
68	32 
69	30 
70	16 
71	16 
72	3 
73	2 
74	12 
75	12 
76	25 
77	9 
78	7 
79	26 
80	9 
81	32 
82	17 
83	5 
84	31 
85	7 
86	23 
87	13 
88	17 
89	21 
90	17 
91	6 
92	24 
93	4 
94	22 
95	16 
96	15 
97	24 
98	17 
99	23 
100	5 
101	21 
102	16 
103	21 
104	25 
105	23 
106	7 
107	21 
108	10 
109	11 
110	7 
111	29 
112	16 
113	16 
114	18 
115	3 
116	32 
117	5 
118	32 
119	10 
120	17 
121	12 
122	8 
123	7 
124	6 
125	31 
126	30 
127	2 
128	16 
129	21 
130	18 
131	7 
132	9 
133	25 
134	6 
135	11 
136	29 
137	25 
138	18 
139	21 
140	19 
141	8 
142	28 
143	8 
144	19 
145	29 
146	23 
147	4 
148	2 
149	12 
150	14 
151	17 
152	10 
153	29 
154	24 
155	28 
156	31 
157	25 
158	13 
159	31 
160	28 
161	28 
162	30 
163	28 
164	4 
165	25 
166	26 
167	22 
168	4 
169	15 
170	28 
171	24 
172	12 
173	9 
174	7 
175	8 
176	22 
177	13 
178	31 
179	12 
180	19 
181	9 
182	23 
183	19 
184	1 
185	8 
186	22 
187	17 
188	12 
189	28 
190	27 
191	8 
192	17 
193	16 
194	14 
195	7 
196	9 
197	21 
198	21 
199	20 
200	29 
201	13 
202	24 
203	18 
204	20 
205	19 
206	7 
207	24 
208	19 
209	32 
210	1 
211	24 
212	27 
213	6 
214	29 
215	9 
216	18 
217	30 
218	9 
219	6 
220	11 
221	32 
222	20 
223	17 
224	29 
225	4 
226	1 
227	23 
228	6 
229	5 
230	25 
231	9 
232	18 
233	11 
234	29 
235	6 
236	4 
237	11 
238	1 
239	14 
240	29 
241	2 
242	21 
243	15 
244	23 
245	10 
246	25 
247	5 
248	12 
249	12 
250	14 
251	1 
252	7 
253	12 
254	7 
255	7 
256	22 
257	30 
258	16 
259	29 
260	17 
261	25 
262	11 
263	26 
264	7 
265	5 
266	24 
267	20 
268	24 
269	23 
270	2 
271	17 
272	3 
273	25 
274	17 
275	21 
276	20 
277	20 
278	19 
279	31 
280	14 
281	11 
282	27 
283	26 
284	1 
285	23 
286	23 
287	29 
288	7 
289	30 
290	7 
291	4 
292	30 
293	3 
294	7 
295	21 
296	27 
297	17 
298	18 
299	33 
300	33 
301	4 
302	5 
303	25 
304	23 
305	24 
306	6 
307	33 
308	32 
309	16 
310	16 
311	12 
312	31 
313	10 
314	27 
315	18 
316	14 
317	14 
318	7 
319	4 
320	9 
321	8 
322	20 
323	18 
324	13 
325	26 
326	26 
327	6 
328	7 
329	14 
330	24 
331	10 
332	28 
333	26 
334	5 
335	4 
336	12 
337	17 
338	31 
339	3 
340	1 
341	19 
342	9 
343	3 
344	33 
345	33 
346	29 
347	15 
348	32 
349	3 
350	2 
351	10 
352	19 
353	3 
354	1 
355	27 
356	7 
357	17 
358	2 
359	3 
360	8 
361	11 
362	9 
363	18 
364	12 
365	14 
366	23 
367	25 
368	5 
369	15 
370	30 
371	14 
372	17 
373	6 
374	18 
375	20 
376	7 
377	29 
378	6 
379	13 
380	16 
381	17 
382	24 
383	20 
384	8 
385	31 
386	11 
387	21 
388	14 
389	32 
390	2 
391	27 
392	23 
393	1 
394	33 
395	31 
396	23 
397	33 
398	27 
399	23 
400	26 
401	22 
402	26 
403	33 
404	1 
405	21 
406	3 
407	26 
408	16 
409	23 
410	2 
411	27 
412	14 
413	18 
414	26 
415	16 
416	18 
417	17 
418	24 
419	5 
420	16 
421	23 
422	21 
423	28 
424	14 
425	21 
426	30 
427	26 
428	28 
429	11 
430	28 
431	16 
432	12 
433	26 
434	7 
435	26 
436	26 
437	19 
438	29 
439	4 
440	18 
441	7 
442	12 
443	23 
444	6 
445	17 
446	33 
447	13 
448	18 
449	7 
450	18 
451	14 
452	4 
453	2 
454	14 
455	7 
456	20 
457	23 
458	13 
459	13 
460	21 
461	17 
462	33 
463	17 
464	3 
465	7 
466	9 
467	21 
468	17 
469	8 
470	10 
471	33 
472	22 
473	30 
474	33 
475	9 
476	5 
477	12 
478	32 
479	8 
480	31 
481	23 
482	12 
483	31 
484	9 
485	18 
486	16 
487	16 
488	33 
489	15 
490	22 
491	17 
492	12 
493	21 
494	13 
495	3 
496	16 
497	14 
498	12 
499	3 
500	24 
501	24 
502	31 
503	9 
504	14 
505	15 
506	6 
507	16 
508	21 
509	3 
510	24 
511	6 
512	20 
513	8 
514	15 
515	23 
516	29 
517	14 
518	12 
519	27 
520	15 
521	13 
522	33 
523	5 
524	14 
525	20 
526	24 
527	1 
528	16 
529	27 
530	11 
531	13 
532	16 
533	1 
534	11 
535	17 
536	26 
537	32 
538	14 
539	16 
540	18 
541	9 
542	6 
543	7 
544	9 
545	29 
546	13 
547	19 
548	33 
549	2 
550	12 
551	18 
552	16 
553	1 
554	28 
555	22 
556	12 
557	31 
558	15 
559	27 
560	13 
561	18 
562	14 
563	22 
564	4 
565	14 
566	25 
567	1 
568	28 
569	27 
570	24 
571	30 
572	2 
573	29 
574	8 
575	2 
576	16 
577	18 
578	33 
579	13 
580	15 
581	20 
582	24 
583	26 
584	28 
585	12 
586	5 
587	23 
588	25 
589	17 
590	12 
591	6 
592	32 
593	31 
594	13 
595	9 
596	10 
597	32 
598	6 
599	32 
600	33 
601	30 
602	30 
603	2 
604	16 
605	10 
606	14 
607	27 
608	1 
609	17 
610	16 
611	13 
612	11 
613	30 
614	15 
615	32 
616	17 
617	14 
618	19 
619	11 
620	1 
621	12 
622	22 
623	16 
624	2 
625	28 
626	12 
627	26 
628	21 
629	16 
630	13 
631	2 
632	11 
633	13 
634	25 
635	15 
636	3 
637	24 
638	19 
639	10 
640	23 
641	32 
642	20 
643	6 
644	24 
645	23 
646	26 
647	27 
648	2 
649	22 
650	12 
651	1 
652	24 
653	22 
654	11 
655	10 
656	22 
657	5 
658	14 
659	18 
660	11 
661	8 
662	19 
663	7 
664	16 
665	6 
666	33 
667	26 
668	14 
669	11 
670	18 
671	17 
672	32 
673	29 
674	11 
675	28 
676	14 
677	19 
678	22 
679	28 
680	13 
681	3 
682	23 
683	17 
684	27 
685	31 
686	3 
687	17 
688	14 
689	15 
690	5 
691	33 
692	12 
693	8 
694	10 
695	32 
696	29 
697	24 
698	20 
699	18 
700	21 
701	10 
702	25 
703	4 
704	20 
705	4 
706	17 
707	13 
708	23 
709	4 
710	32 
711	23 
712	2 
713	17 
714	20 
715	23 
716	10 
717	20 
718	13 
719	17 
720	21 
721	18 
722	10 
723	29 
724	16 
725	7 
726	23 
727	20 
728	15 
729	24 
730	17 
731	1 
732	20 
733	28 
734	16 
735	23 
736	9 
737	16 
738	29 
739	8 
740	17 
741	10 
742	16 
743	22 
744	10 
745	17 
746	5 
747	27 
748	15 
749	24 
750	22 
751	17 
752	30 
753	12 
754	1 
755	25 
756	31 
757	9 
758	18 
759	27 
760	3 
761	30 
762	19 
763	12 
764	26 
765	2 
766	2 
767	10 
768	32 
769	21 
770	12 
771	17 
772	15 
773	9 
774	5 
775	12 
776	14 
777	12 
778	22 
779	29 
780	14 
781	32 
782	14 
783	16 
784	4 
785	28 
786	1 
787	17 
788	23 
789	11 
790	9 
791	4 
792	30 
793	7 
794	26 
795	6 
796	18 
797	19 
798	24 
799	30 
800	13 
801	22 
802	15 
803	12 
804	25 
805	8 
806	31 
807	18 
808	32 
809	17 
810	30 
811	22 
812	28 
813	17 
814	33 
815	2 
816	16 
817	16 
818	29 
819	20 
820	4 
821	2 
822	6 
823	21 
824	6 
825	25 
826	30 
827	15 
828	13 
829	15 
830	27 
831	31 
832	23 
833	25 
834	3 
835	13 
836	15 
837	24 
838	3 
839	10 
840	4 
841	26 
842	24 
843	7 
844	22 
845	10 
846	32 
847	19 
848	32 
849	25 
850	18 
851	12 
852	16 
853	8 
854	12 
855	1 
856	4 
857	25 
858	17 
859	4 
860	22 
861	14 
862	6 
863	1 
864	24 
865	13 
866	14 
867	21 
868	13 
869	4 
870	3 
871	33 
872	30 
873	9 
874	21 
875	14 
876	4 
877	13 
878	5 
879	13 
880	16 
881	9 
882	9 
883	1 
884	23 
885	33 
886	14 
887	28 
888	18 
889	23 
890	32 
891	8 
892	13 
893	9 
894	8 
895	18 
896	2 
897	17 
898	26 
899	27 
900	9 
901	6 
902	24 
903	4 
904	23 
905	16 
906	16 
907	32 
908	12 
909	13 
910	24 
911	16 
912	4 
913	2 
914	18 
915	9 
916	24 
917	12 
918	6 
919	2 
920	2 
921	18 
922	17 
923	17 
924	9 
925	32 
926	32 
927	24 
928	2 
929	24 
930	21 
931	16 
932	18 
933	14 
934	9 
935	23 
936	18 
937	23 
938	23 
939	18 
940	23 
941	14 
942	32 
943	24 
944	7 
945	7 
946	17 
947	23 
948	14 
949	23 
950	18 
951	16 
952	12 
953	21 
954	16 
955	24 
956	12 
957	21 
958	21 
959	16 
960	21 
961	13 
962	9 
963	18 
964	16 
965	17 
966	16 
967	23 
968	12 
969	17 
970	9 
971	21 
972	18 
973	14 
974	9 
975	7 
976	17 
977	23 
978	9 
979	18 
980	9 
981	14 
982	7 
983	18 
984	7 
985	14 
986	18 
987	18 
988	7 
989	9 
990	18 
991	24 
992	18 
993	17 
994	7 
995	18 
996	7 
997	24 
998	14 
999	24 
1000	7 
