1	30 
2	15 
3	16 
4	29 
5	25 
6	6 
7	22 
8	12 
9	26 
10	3 
11	12 
12	25 
13	22 
14	28 
15	1 
16	22 
17	6 
18	22 
19	8 
20	14 
21	10 
22	4 
23	17 
24	28 
25	1 
26	5 
27	29 
28	8 
29	20 
30	23 
31	25 
32	18 
33	9 
34	6 
35	8 
36	25 
37	8 
38	12 
39	26 
40	8 
41	25 
42	23 
43	10 
44	15 
45	17 
46	4 
47	8 
48	13 
49	24 
50	9 
51	2 
52	10 
53	19 
54	9 
55	17 
56	25 
57	18 
58	21 
59	14 
60	7 
61	22 
62	14 
63	22 
64	29 
65	2 
66	6 
67	4 
68	12 
69	12 
70	15 
71	25 
72	8 
73	12 
74	4 
75	15 
76	28 
77	11 
78	22 
79	9 
80	27 
81	26 
82	20 
83	24 
84	14 
85	20 
86	21 
87	12 
88	17 
89	7 
90	29 
91	18 
92	4 
93	27 
94	7 
95	9 
96	22 
97	10 
98	3 
99	27 
100	23 
101	4 
102	10 
103	3 
104	9 
105	20 
106	22 
107	28 
108	6 
109	11 
110	3 
111	18 
112	14 
113	5 
114	8 
115	15 
116	9 
117	9 
118	19 
119	15 
120	28 
121	30 
122	13 
123	5 
124	27 
125	5 
126	9 
127	7 
128	21 
129	5 
130	24 
131	9 
132	5 
133	4 
134	8 
135	26 
136	20 
137	2 
138	27 
139	26 
140	1 
141	15 
142	12 
143	21 
144	1 
145	9 
146	30 
147	10 
148	27 
149	3 
150	9 
151	20 
152	8 
153	11 
154	13 
155	22 
156	8 
157	25 
158	20 
159	4 
160	12 
161	1 
162	22 
163	14 
164	6 
165	12 
166	12 
167	4 
168	23 
169	21 
170	25 
171	1 
172	21 
173	4 
174	13 
175	28 
176	11 
177	28 
178	4 
179	4 
180	7 
181	26 
182	1 
183	11 
184	24 
185	21 
186	11 
187	27 
188	1 
189	28 
190	5 
191	6 
192	14 
193	24 
194	27 
195	17 
196	12 
197	8 
198	30 
199	12 
200	15 
201	20 
202	30 
203	26 
204	11 
205	11 
206	20 
207	21 
208	12 
209	6 
210	29 
211	18 
212	27 
213	30 
214	11 
215	13 
216	16 
217	15 
218	18 
219	28 
220	18 
221	30 
222	6 
223	14 
224	19 
225	10 
226	1 
227	23 
228	9 
229	15 
230	19 
231	2 
232	1 
233	2 
234	7 
235	28 
236	14 
237	26 
238	17 
239	15 
240	4 
241	19 
242	22 
243	8 
244	22 
245	6 
246	18 
247	11 
248	5 
249	9 
250	11 
251	4 
252	8 
253	13 
254	23 
255	14 
256	20 
257	3 
258	17 
259	16 
260	11 
261	5 
262	23 
263	17 
264	26 
265	8 
266	23 
267	20 
268	9 
269	9 
270	14 
271	7 
272	6 
273	7 
274	29 
275	21 
276	9 
277	8 
278	22 
279	24 
280	11 
281	22 
282	3 
283	23 
284	4 
285	25 
286	4 
287	25 
288	1 
289	3 
290	12 
291	29 
292	8 
293	6 
294	21 
295	5 
296	6 
297	28 
298	17 
299	29 
300	22 
301	21 
302	23 
303	16 
304	7 
305	25 
306	12 
307	23 
308	8 
309	2 
310	13 
311	8 
312	14 
313	16 
314	6 
315	30 
316	20 
317	1 
318	17 
319	24 
320	23 
321	24 
322	4 
323	25 
324	12 
325	4 
326	28 
327	13 
328	10 
329	29 
330	14 
331	25 
332	1 
333	4 
334	20 
335	19 
336	15 
337	17 
338	8 
339	6 
340	11 
341	7 
342	4 
343	1 
344	8 
345	12 
346	22 
347	22 
348	23 
349	20 
350	13 
351	16 
352	7 
353	16 
354	2 
355	19 
356	20 
357	6 
358	2 
359	6 
360	11 
361	4 
362	6 
363	25 
364	23 
365	20 
366	1 
367	25 
368	22 
369	14 
370	1 
371	8 
372	17 
373	21 
374	13 
375	4 
376	14 
377	20 
378	18 
379	14 
380	19 
381	26 
382	4 
383	11 
384	12 
385	18 
386	9 
387	23 
388	12 
389	2 
390	16 
391	4 
392	9 
393	6 
394	27 
395	3 
396	4 
397	25 
398	12 
399	22 
400	14 
401	6 
402	20 
403	4 
404	2 
405	18 
406	23 
407	10 
408	4 
409	25 
410	5 
411	18 
412	22 
413	17 
414	21 
415	20 
416	11 
417	17 
418	15 
419	22 
420	6 
421	22 
422	23 
423	6 
424	17 
425	22 
426	27 
427	21 
428	3 
429	11 
430	20 
431	9 
432	1 
433	7 
434	21 
435	4 
436	20 
437	8 
438	22 
439	21 
440	17 
441	13 
442	18 
443	21 
444	9 
445	22 
446	5 
447	11 
448	22 
449	16 
450	21 
451	15 
452	19 
453	12 
454	23 
455	9 
456	10 
457	13 
458	21 
459	18 
460	17 
461	4 
462	7 
463	27 
464	29 
465	28 
466	11 
467	3 
468	11 
469	26 
470	6 
471	12 
472	8 
473	21 
474	11 
475	15 
476	21 
477	18 
478	10 
479	7 
480	22 
481	12 
482	4 
483	26 
484	21 
485	3 
486	22 
487	17 
488	18 
489	11 
490	11 
491	18 
492	24 
493	21 
494	20 
495	13 
496	20 
497	16 
498	22 
499	4 
500	12 
501	30 
502	2 
503	24 
504	11 
505	30 
506	11 
507	14 
508	16 
509	28 
510	19 
511	5 
512	14 
513	25 
514	18 
515	29 
516	25 
517	20 
518	18 
519	6 
520	22 
521	8 
522	2 
523	25 
524	3 
525	1 
526	12 
527	27 
528	17 
529	19 
530	11 
531	29 
532	14 
533	14 
534	1 
535	5 
536	23 
537	17 
538	1 
539	25 
540	22 
541	5 
542	11 
543	4 
544	14 
545	22 
546	16 
547	20 
548	4 
549	15 
550	20 
551	24 
552	11 
553	24 
554	19 
555	4 
556	9 
557	21 
558	14 
559	16 
560	25 
561	23 
562	28 
563	26 
564	22 
565	8 
566	3 
567	11 
568	9 
569	23 
570	3 
571	17 
572	26 
573	6 
574	21 
575	18 
576	28 
577	27 
578	12 
579	11 
580	23 
581	19 
582	20 
583	30 
584	1 
585	8 
586	6 
587	3 
588	7 
589	4 
590	4 
591	30 
592	22 
593	24 
594	28 
595	6 
596	16 
597	11 
598	21 
599	22 
600	17 
601	21 
602	6 
603	21 
604	8 
605	24 
606	1 
607	1 
608	16 
609	19 
610	10 
611	29 
612	23 
613	11 
614	19 
615	14 
616	21 
617	24 
618	7 
619	13 
620	26 
621	18 
622	1 
623	3 
624	14 
625	9 
626	11 
627	3 
628	1 
629	24 
630	27 
631	14 
632	30 
633	20 
634	7 
635	18 
636	16 
637	8 
638	5 
639	26 
640	5 
641	13 
642	22 
643	21 
644	24 
645	9 
646	19 
647	8 
648	24 
649	7 
650	28 
651	25 
652	19 
653	2 
654	25 
655	15 
656	28 
657	2 
658	7 
659	14 
660	24 
661	28 
662	21 
663	29 
664	27 
665	29 
666	1 
667	6 
668	16 
669	1 
670	20 
671	14 
672	6 
673	7 
674	24 
675	13 
676	26 
677	17 
678	15 
679	18 
680	15 
681	13 
682	17 
683	25 
684	9 
685	21 
686	10 
687	20 
688	8 
689	26 
690	13 
691	12 
692	6 
693	7 
694	7 
695	8 
696	7 
697	17 
698	6 
699	18 
700	28 
701	8 
702	11 
703	26 
704	9 
705	1 
706	9 
707	10 
708	4 
709	24 
710	25 
711	15 
712	20 
713	4 
714	20 
715	13 
716	19 
717	24 
718	23 
719	30 
720	23 
721	15 
722	6 
723	4 
724	10 
725	30 
726	6 
727	22 
728	14 
729	21 
730	10 
731	30 
732	29 
733	27 
734	13 
735	4 
736	14 
737	14 
738	9 
739	26 
740	4 
741	22 
742	6 
743	12 
744	12 
745	14 
746	14 
747	14 
748	11 
749	15 
750	29 
751	19 
752	17 
753	17 
754	17 
755	29 
756	14 
757	23 
758	9 
759	20 
760	8 
761	6 
762	12 
763	22 
764	14 
765	8 
766	26 
767	23 
768	28 
769	11 
770	23 
771	12 
772	17 
773	4 
774	25 
775	26 
776	19 
777	13 
778	22 
779	2 
780	20 
781	20 
782	14 
783	14 
784	28 
785	27 
786	26 
787	3 
788	10 
789	17 
790	17 
791	16 
792	28 
793	6 
794	17 
795	4 
796	20 
797	14 
798	24 
799	26 
800	10 
801	5 
802	9 
803	18 
804	9 
805	9 
806	24 
807	25 
808	5 
809	3 
810	8 
811	30 
812	12 
813	12 
814	26 
815	6 
816	16 
817	18 
818	9 
819	22 
820	21 
821	26 
822	23 
823	23 
824	19 
825	12 
826	17 
827	29 
828	3 
829	2 
830	15 
831	29 
832	6 
833	5 
834	10 
835	7 
836	20 
837	10 
838	27 
839	30 
840	24 
841	10 
842	2 
843	12 
844	20 
845	12 
846	19 
847	18 
848	1 
849	2 
850	8 
851	16 
852	15 
853	28 
854	15 
855	4 
856	18 
857	26 
858	12 
859	10 
860	25 
861	30 
862	25 
863	11 
864	20 
865	25 
866	9 
867	24 
868	28 
869	19 
870	30 
871	12 
872	5 
873	6 
874	6 
875	18 
876	30 
877	17 
878	20 
879	20 
880	27 
881	14 
882	18 
883	5 
884	18 
885	4 
886	20 
887	2 
888	1 
889	2 
890	21 
891	11 
892	16 
893	20 
894	19 
895	22 
896	19 
897	19 
898	24 
899	24 
900	14 
901	24 
902	17 
903	8 
904	13 
905	28 
906	10 
907	9 
908	23 
909	26 
910	12 
911	25 
912	12 
913	9 
914	19 
915	19 
916	21 
917	29 
918	4 
919	18 
920	13 
921	3 
922	12 
923	12 
924	26 
925	12 
926	9 
927	27 
928	28 
929	13 
930	27 
931	3 
932	8 
933	12 
934	27 
935	7 
936	2 
937	25 
938	29 
939	14 
940	9 
941	16 
942	27 
943	2 
944	17 
945	20 
946	5 
947	25 
948	7 
949	6 
950	28 
951	12 
952	18 
953	8 
954	5 
955	4 
956	20 
957	20 
958	19 
959	12 
960	4 
961	17 
962	18 
963	3 
964	7 
965	3 
966	9 
967	11 
968	22 
969	14 
970	23 
971	7 
972	15 
973	17 
974	24 
975	18 
976	12 
977	26 
978	8 
979	22 
980	14 
981	22 
982	22 
983	28 
984	12 
985	18 
986	17 
987	24 
988	23 
989	25 
990	25 
991	6 
992	23 
993	20 
994	8 
995	18 
996	6 
997	24 
998	21 
999	21 
1000	9 
