1	13 
2	25 
3	26 
4	18 
5	6 
6	28 
7	10 
8	2 
9	24 
10	22 
11	18 
12	9 
13	12 
14	12 
15	4 
16	29 
17	21 
18	11 
19	27 
20	11 
21	21 
22	8 
23	15 
24	16 
25	26 
26	31 
27	27 
28	13 
29	29 
30	14 
31	3 
32	27 
33	6 
34	18 
35	4 
36	14 
37	11 
38	7 
39	3 
40	19 
41	6 
42	1 
43	25 
44	21 
45	26 
46	31 
47	10 
48	29 
49	5 
50	23 
51	3 
52	6 
53	11 
54	8 
55	20 
56	27 
57	21 
58	16 
59	9 
60	2 
61	31 
62	8 
63	5 
64	13 
65	20 
66	7 
67	23 
68	12 
69	21 
70	29 
71	3 
72	13 
73	2 
74	11 
75	25 
76	13 
77	16 
78	23 
79	5 
80	24 
81	18 
82	31 
83	14 
84	29 
85	26 
86	2 
87	10 
88	10 
89	13 
90	31 
91	22 
92	2 
93	27 
94	27 
95	2 
96	10 
97	30 
98	27 
99	24 
100	5 
101	7 
102	29 
103	15 
104	10 
105	30 
106	31 
107	31 
108	17 
109	9 
110	23 
111	1 
112	18 
113	11 
114	25 
115	3 
116	20 
117	29 
118	30 
119	9 
120	4 
121	31 
122	8 
123	24 
124	5 
125	26 
126	27 
127	1 
128	22 
129	11 
130	30 
131	2 
132	29 
133	18 
134	29 
135	10 
136	17 
137	31 
138	17 
139	1 
140	19 
141	10 
142	31 
143	5 
144	6 
145	13 
146	16 
147	11 
148	6 
149	25 
150	11 
151	17 
152	26 
153	24 
154	6 
155	30 
156	1 
157	31 
158	11 
159	22 
160	18 
161	7 
162	15 
163	22 
164	25 
165	17 
166	10 
167	15 
168	25 
169	25 
170	11 
171	14 
172	14 
173	2 
174	7 
175	21 
176	24 
177	7 
178	27 
179	30 
180	30 
181	20 
182	19 
183	18 
184	31 
185	1 
186	27 
187	4 
188	25 
189	12 
190	28 
191	31 
192	12 
193	2 
194	2 
195	11 
196	16 
197	14 
198	3 
199	24 
200	1 
201	26 
202	23 
203	25 
204	25 
205	10 
206	2 
207	30 
208	21 
209	7 
210	2 
211	18 
212	3 
213	26 
214	2 
215	12 
216	24 
217	12 
218	29 
219	21 
220	17 
221	13 
222	9 
223	27 
224	26 
225	28 
226	2 
227	14 
228	21 
229	5 
230	5 
231	4 
232	5 
233	25 
234	27 
235	21 
236	12 
237	6 
238	29 
239	4 
240	1 
241	4 
242	29 
243	8 
244	22 
245	13 
246	7 
247	3 
248	16 
249	7 
250	2 
251	27 
252	14 
253	24 
254	30 
255	20 
256	28 
257	15 
258	25 
259	1 
260	27 
261	28 
262	19 
263	4 
264	12 
265	8 
266	20 
267	14 
268	15 
269	28 
270	18 
271	4 
272	16 
273	30 
274	18 
275	18 
276	16 
277	4 
278	16 
279	20 
280	29 
281	3 
282	2 
283	6 
284	14 
285	2 
286	12 
287	3 
288	3 
289	15 
290	16 
291	18 
292	20 
293	23 
294	18 
295	11 
296	28 
297	1 
298	13 
299	30 
300	17 
301	24 
302	8 
303	18 
304	11 
305	4 
306	14 
307	13 
308	1 
309	2 
310	21 
311	8 
312	7 
313	26 
314	2 
315	15 
316	3 
317	8 
318	30 
319	24 
320	12 
321	17 
322	22 
323	10 
324	24 
325	30 
326	2 
327	22 
328	1 
329	11 
330	10 
331	10 
332	15 
333	25 
334	15 
335	4 
336	20 
337	1 
338	2 
339	19 
340	24 
341	12 
342	13 
343	22 
344	22 
345	29 
346	3 
347	18 
348	16 
349	12 
350	4 
351	21 
352	25 
353	31 
354	26 
355	24 
356	20 
357	22 
358	15 
359	24 
360	24 
361	27 
362	28 
363	19 
364	2 
365	10 
366	27 
367	19 
368	2 
369	13 
370	10 
371	26 
372	31 
373	17 
374	12 
375	8 
376	9 
377	16 
378	23 
379	29 
380	15 
381	15 
382	22 
383	13 
384	25 
385	31 
386	17 
387	29 
388	13 
389	30 
390	14 
391	19 
392	28 
393	31 
394	14 
395	14 
396	24 
397	19 
398	26 
399	27 
400	14 
401	28 
402	25 
403	4 
404	15 
405	2 
406	30 
407	1 
408	16 
409	18 
410	18 
411	30 
412	10 
413	19 
414	2 
415	30 
416	2 
417	30 
418	25 
419	11 
420	31 
421	11 
422	30 
423	8 
424	7 
425	29 
426	5 
427	28 
428	4 
429	20 
430	10 
431	28 
432	28 
433	27 
434	23 
435	7 
436	9 
437	25 
438	19 
439	22 
440	25 
441	27 
442	13 
443	11 
444	18 
445	23 
446	15 
447	14 
448	12 
449	3 
450	18 
451	20 
452	29 
453	2 
454	29 
455	5 
456	24 
457	21 
458	24 
459	15 
460	14 
461	8 
462	29 
463	14 
464	8 
465	9 
466	11 
467	31 
468	11 
469	27 
470	10 
471	27 
472	24 
473	4 
474	3 
475	24 
476	16 
477	21 
478	5 
479	24 
480	8 
481	27 
482	18 
483	9 
484	10 
485	28 
486	18 
487	16 
488	2 
489	15 
490	8 
491	2 
492	17 
493	16 
494	4 
495	31 
496	31 
497	7 
498	20 
499	11 
500	26 
501	13 
502	3 
503	12 
504	17 
505	15 
506	14 
507	20 
508	30 
509	1 
510	15 
511	12 
512	19 
513	23 
514	17 
515	23 
516	2 
517	11 
518	28 
519	27 
520	10 
521	14 
522	26 
523	3 
524	26 
525	1 
526	14 
527	16 
528	9 
529	26 
530	27 
531	3 
532	18 
533	28 
534	17 
535	4 
536	17 
537	3 
538	23 
539	3 
540	11 
541	5 
542	12 
543	29 
544	30 
545	23 
546	14 
547	29 
548	15 
549	9 
550	25 
551	20 
552	31 
553	1 
554	30 
555	16 
556	17 
557	11 
558	2 
559	31 
560	11 
561	9 
562	9 
563	19 
564	10 
565	21 
566	8 
567	22 
568	2 
569	31 
570	28 
571	26 
572	3 
573	27 
574	10 
575	13 
576	3 
577	14 
578	30 
579	10 
580	9 
581	16 
582	30 
583	16 
584	15 
585	7 
586	31 
587	4 
588	20 
589	2 
590	6 
591	31 
592	27 
593	18 
594	11 
595	13 
596	26 
597	30 
598	12 
599	5 
600	21 
601	12 
602	15 
603	10 
604	4 
605	28 
606	25 
607	2 
608	23 
609	15 
610	11 
611	14 
612	20 
613	10 
614	27 
615	10 
616	2 
617	25 
618	22 
619	2 
620	17 
621	22 
622	23 
623	5 
624	30 
625	19 
626	25 
627	31 
628	15 
629	30 
630	6 
631	26 
632	15 
633	18 
634	2 
635	16 
636	17 
637	15 
638	21 
639	2 
640	1 
641	25 
642	19 
643	4 
644	16 
645	14 
646	20 
647	20 
648	23 
649	20 
650	27 
651	19 
652	20 
653	22 
654	23 
655	10 
656	27 
657	4 
658	21 
659	19 
660	6 
661	10 
662	2 
663	31 
664	2 
665	27 
666	11 
667	6 
668	3 
669	5 
670	4 
671	11 
672	27 
673	22 
674	27 
675	6 
676	21 
677	9 
678	3 
679	15 
680	2 
681	14 
682	3 
683	25 
684	29 
685	3 
686	31 
687	22 
688	13 
689	16 
690	29 
691	29 
692	17 
693	16 
694	17 
695	6 
696	11 
697	5 
698	2 
699	11 
700	14 
701	25 
702	6 
703	30 
704	3 
705	31 
706	7 
707	19 
708	2 
709	6 
710	25 
711	13 
712	6 
713	16 
714	13 
715	7 
716	24 
717	13 
718	21 
719	30 
720	6 
721	4 
722	8 
723	15 
724	10 
725	24 
726	15 
727	8 
728	11 
729	3 
730	22 
731	27 
732	24 
733	29 
734	12 
735	14 
736	6 
737	21 
738	2 
739	31 
740	16 
741	27 
742	9 
743	6 
744	17 
745	22 
746	14 
747	22 
748	18 
749	9 
750	24 
751	28 
752	29 
753	22 
754	26 
755	23 
756	29 
757	29 
758	2 
759	19 
760	5 
761	11 
762	30 
763	23 
764	16 
765	29 
766	4 
767	28 
768	30 
769	29 
770	1 
771	21 
772	24 
773	29 
774	16 
775	4 
776	29 
777	18 
778	5 
779	27 
780	26 
781	31 
782	12 
783	3 
784	7 
785	25 
786	9 
787	18 
788	22 
789	27 
790	29 
791	29 
792	27 
793	5 
794	30 
795	6 
796	29 
797	16 
798	19 
799	4 
800	11 
801	16 
802	11 
803	14 
804	28 
805	24 
806	15 
807	6 
808	30 
809	30 
810	6 
811	24 
812	23 
813	8 
814	24 
815	9 
816	29 
817	12 
818	20 
819	18 
820	7 
821	15 
822	11 
823	23 
824	23 
825	25 
826	2 
827	18 
828	8 
829	23 
830	21 
831	22 
832	15 
833	25 
834	1 
835	24 
836	18 
837	7 
838	16 
839	18 
840	14 
841	25 
842	13 
843	2 
844	20 
845	18 
846	19 
847	15 
848	17 
849	29 
850	2 
851	29 
852	7 
853	12 
854	3 
855	9 
856	7 
857	27 
858	24 
859	28 
860	1 
861	14 
862	30 
863	20 
864	12 
865	11 
866	10 
867	26 
868	28 
869	30 
870	1 
871	28 
872	7 
873	20 
874	2 
875	26 
876	14 
877	3 
878	15 
879	6 
880	29 
881	15 
882	28 
883	9 
884	6 
885	24 
886	30 
887	30 
888	22 
889	2 
890	19 
891	7 
892	4 
893	6 
894	27 
895	7 
896	27 
897	10 
898	11 
899	3 
900	2 
901	7 
902	11 
903	24 
904	10 
905	27 
906	11 
907	27 
908	22 
909	26 
910	13 
911	2 
912	25 
913	15 
914	29 
915	7 
916	11 
917	31 
918	29 
919	15 
920	14 
921	31 
922	2 
923	15 
924	28 
925	20 
926	29 
927	13 
928	11 
929	29 
930	16 
931	15 
932	25 
933	15 
934	20 
935	16 
936	15 
937	11 
938	30 
939	20 
940	20 
941	15 
942	24 
943	27 
944	27 
945	18 
946	14 
947	29 
948	16 
949	20 
950	10 
951	25 
952	16 
953	24 
954	25 
955	29 
956	16 
957	29 
958	3 
959	24 
960	14 
961	10 
962	25 
963	25 
964	18 
965	29 
966	15 
967	30 
968	11 
969	30 
970	25 
971	29 
972	11 
973	10 
974	16 
975	24 
976	24 
977	10 
978	2 
979	29 
980	11 
981	3 
982	30 
983	3 
984	10 
985	30 
986	16 
987	24 
988	3 
989	24 
990	15 
991	30 
992	11 
993	27 
994	18 
995	14 
996	11 
997	30 
998	15 
999	10 
1000	2 
