1	21 
2	17 
3	14 
4	5 
5	23 
6	7 
7	3 
8	1 
9	20 
10	2 
11	19 
12	27 
13	29 
14	20 
15	28 
16	26 
17	28 
18	8 
19	15 
20	25 
21	8 
22	18 
23	14 
24	23 
25	21 
26	28 
27	7 
28	21 
29	11 
30	10 
31	12 
32	15 
33	29 
34	8 
35	28 
36	23 
37	29 
38	17 
39	17 
40	27 
41	29 
42	1 
43	17 
44	14 
45	2 
46	23 
47	19 
48	8 
49	15 
50	8 
51	29 
52	1 
53	19 
54	22 
55	12 
56	11 
57	29 
58	9 
59	14 
60	12 
61	21 
62	25 
63	11 
64	26 
65	12 
66	3 
67	4 
68	2 
69	24 
70	19 
71	16 
72	28 
73	31 
74	7 
75	23 
76	24 
77	13 
78	12 
79	17 
80	31 
81	28 
82	1 
83	11 
84	2 
85	17 
86	3 
87	8 
88	19 
89	4 
90	12 
91	6 
92	27 
93	22 
94	10 
95	31 
96	25 
97	13 
98	24 
99	9 
100	21 
101	5 
102	20 
103	29 
104	9 
105	20 
106	24 
107	22 
108	2 
109	9 
110	9 
111	3 
112	14 
113	10 
114	3 
115	18 
116	4 
117	28 
118	10 
119	20 
120	24 
121	1 
122	18 
123	24 
124	6 
125	14 
126	29 
127	24 
128	10 
129	22 
130	9 
131	26 
132	17 
133	17 
134	29 
135	9 
136	25 
137	4 
138	15 
139	22 
140	31 
141	14 
142	24 
143	20 
144	21 
145	21 
146	27 
147	29 
148	21 
149	17 
150	4 
151	15 
152	1 
153	8 
154	22 
155	28 
156	6 
157	2 
158	29 
159	5 
160	28 
161	18 
162	24 
163	4 
164	4 
165	20 
166	29 
167	3 
168	25 
169	5 
170	16 
171	14 
172	18 
173	22 
174	18 
175	23 
176	24 
177	23 
178	21 
179	26 
180	6 
181	1 
182	21 
183	5 
184	18 
185	9 
186	6 
187	9 
188	7 
189	12 
190	9 
191	23 
192	24 
193	3 
194	2 
195	11 
196	9 
197	6 
198	15 
199	30 
200	29 
201	21 
202	28 
203	30 
204	11 
205	10 
206	24 
207	23 
208	27 
209	27 
210	3 
211	14 
212	12 
213	6 
214	8 
215	29 
216	7 
217	2 
218	30 
219	12 
220	1 
221	9 
222	29 
223	13 
224	15 
225	18 
226	31 
227	22 
228	9 
229	24 
230	4 
231	17 
232	27 
233	2 
234	9 
235	11 
236	16 
237	24 
238	20 
239	6 
240	3 
241	5 
242	31 
243	13 
244	11 
245	25 
246	9 
247	10 
248	6 
249	31 
250	16 
251	31 
252	19 
253	10 
254	4 
255	25 
256	15 
257	8 
258	24 
259	25 
260	4 
261	26 
262	30 
263	11 
264	29 
265	13 
266	15 
267	30 
268	14 
269	26 
270	10 
271	5 
272	7 
273	7 
274	8 
275	7 
276	9 
277	22 
278	13 
279	10 
280	25 
281	27 
282	26 
283	7 
284	16 
285	13 
286	9 
287	17 
288	15 
289	11 
290	31 
291	17 
292	31 
293	26 
294	6 
295	8 
296	9 
297	16 
298	10 
299	13 
300	19 
301	27 
302	25 
303	27 
304	19 
305	19 
306	8 
307	27 
308	18 
309	17 
310	25 
311	22 
312	12 
313	17 
314	27 
315	1 
316	8 
317	12 
318	30 
319	29 
320	11 
321	13 
322	7 
323	6 
324	11 
325	25 
326	20 
327	1 
328	9 
329	3 
330	12 
331	12 
332	23 
333	5 
334	2 
335	19 
336	24 
337	3 
338	20 
339	29 
340	2 
341	20 
342	18 
343	28 
344	8 
345	10 
346	3 
347	9 
348	29 
349	30 
350	25 
351	8 
352	11 
353	20 
354	5 
355	28 
356	12 
357	7 
358	25 
359	19 
360	19 
361	20 
362	3 
363	12 
364	27 
365	4 
366	2 
367	22 
368	20 
369	12 
370	1 
371	4 
372	30 
373	24 
374	26 
375	2 
376	17 
377	7 
378	4 
379	26 
380	10 
381	18 
382	3 
383	10 
384	4 
385	28 
386	9 
387	18 
388	29 
389	24 
390	23 
391	17 
392	29 
393	6 
394	26 
395	24 
396	5 
397	1 
398	28 
399	2 
400	29 
401	20 
402	9 
403	19 
404	1 
405	7 
406	31 
407	11 
408	29 
409	25 
410	10 
411	28 
412	19 
413	19 
414	13 
415	10 
416	6 
417	2 
418	1 
419	5 
420	3 
421	16 
422	4 
423	24 
424	7 
425	15 
426	18 
427	30 
428	11 
429	30 
430	30 
431	31 
432	17 
433	2 
434	10 
435	16 
436	8 
437	16 
438	7 
439	5 
440	3 
441	15 
442	18 
443	29 
444	8 
445	21 
446	9 
447	5 
448	20 
449	31 
450	5 
451	17 
452	3 
453	22 
454	16 
455	25 
456	15 
457	28 
458	22 
459	6 
460	19 
461	29 
462	5 
463	8 
464	28 
465	12 
466	4 
467	30 
468	16 
469	17 
470	22 
471	10 
472	18 
473	11 
474	22 
475	15 
476	6 
477	20 
478	30 
479	8 
480	21 
481	2 
482	12 
483	9 
484	6 
485	28 
486	31 
487	1 
488	23 
489	10 
490	11 
491	27 
492	28 
493	14 
494	30 
495	31 
496	7 
497	19 
498	25 
499	26 
500	5 
501	25 
502	30 
503	10 
504	22 
505	12 
506	21 
507	14 
508	28 
509	19 
510	2 
511	3 
512	7 
513	3 
514	1 
515	11 
516	4 
517	19 
518	27 
519	6 
520	31 
521	31 
522	12 
523	3 
524	6 
525	15 
526	3 
527	21 
528	17 
529	20 
530	31 
531	19 
532	15 
533	3 
534	19 
535	24 
536	18 
537	21 
538	6 
539	20 
540	9 
541	20 
542	23 
543	12 
544	13 
545	28 
546	12 
547	13 
548	25 
549	31 
550	12 
551	1 
552	28 
553	21 
554	6 
555	6 
556	15 
557	23 
558	1 
559	30 
560	12 
561	13 
562	18 
563	4 
564	28 
565	18 
566	4 
567	24 
568	25 
569	14 
570	27 
571	25 
572	11 
573	23 
574	18 
575	15 
576	16 
577	24 
578	6 
579	10 
580	8 
581	18 
582	17 
583	6 
584	24 
585	4 
586	24 
587	8 
588	10 
589	5 
590	10 
591	9 
592	19 
593	12 
594	31 
595	2 
596	7 
597	16 
598	10 
599	14 
600	20 
601	10 
602	24 
603	17 
604	26 
605	23 
606	23 
607	30 
608	13 
609	21 
610	28 
611	20 
612	8 
613	24 
614	8 
615	21 
616	30 
617	24 
618	15 
619	25 
620	11 
621	4 
622	5 
623	25 
624	17 
625	12 
626	21 
627	30 
628	23 
629	18 
630	17 
631	27 
632	6 
633	10 
634	5 
635	15 
636	8 
637	27 
638	14 
639	7 
640	6 
641	3 
642	25 
643	5 
644	20 
645	24 
646	12 
647	12 
648	2 
649	16 
650	10 
651	22 
652	19 
653	18 
654	30 
655	9 
656	27 
657	20 
658	13 
659	20 
660	10 
661	3 
662	23 
663	17 
664	14 
665	24 
666	5 
667	18 
668	2 
669	9 
670	20 
671	17 
672	6 
673	31 
674	26 
675	10 
676	8 
677	18 
678	17 
679	20 
680	17 
681	31 
682	24 
683	19 
684	28 
685	21 
686	3 
687	17 
688	14 
689	16 
690	16 
691	18 
692	8 
693	24 
694	4 
695	15 
696	10 
697	27 
698	20 
699	25 
700	27 
701	10 
702	8 
703	16 
704	29 
705	22 
706	8 
707	18 
708	9 
709	10 
710	5 
711	21 
712	1 
713	3 
714	10 
715	23 
716	16 
717	3 
718	5 
719	18 
720	30 
721	16 
722	3 
723	11 
724	27 
725	12 
726	22 
727	30 
728	17 
729	13 
730	16 
731	22 
732	12 
733	22 
734	13 
735	17 
736	12 
737	3 
738	31 
739	11 
740	9 
741	13 
742	10 
743	25 
744	20 
745	30 
746	10 
747	9 
748	18 
749	10 
750	14 
751	22 
752	14 
753	30 
754	12 
755	9 
756	24 
757	25 
758	26 
759	1 
760	26 
761	9 
762	13 
763	20 
764	17 
765	20 
766	13 
767	9 
768	28 
769	17 
770	1 
771	13 
772	25 
773	3 
774	14 
775	19 
776	19 
777	21 
778	19 
779	30 
780	19 
781	9 
782	23 
783	27 
784	26 
785	21 
786	16 
787	1 
788	3 
789	31 
790	30 
791	26 
792	30 
793	29 
794	13 
795	7 
796	9 
797	14 
798	10 
799	24 
800	14 
801	15 
802	6 
803	21 
804	12 
805	26 
806	17 
807	26 
808	11 
809	10 
810	22 
811	23 
812	23 
813	24 
814	20 
815	22 
816	7 
817	2 
818	28 
819	16 
820	13 
821	5 
822	19 
823	19 
824	21 
825	28 
826	28 
827	3 
828	2 
829	5 
830	12 
831	22 
832	10 
833	25 
834	29 
835	11 
836	25 
837	22 
838	23 
839	16 
840	29 
841	4 
842	5 
843	11 
844	10 
845	22 
846	9 
847	3 
848	20 
849	22 
850	23 
851	9 
852	23 
853	12 
854	28 
855	22 
856	28 
857	31 
858	9 
859	21 
860	2 
861	15 
862	30 
863	10 
864	12 
865	17 
866	16 
867	10 
868	13 
869	9 
870	19 
871	18 
872	4 
873	28 
874	13 
875	13 
876	20 
877	13 
878	21 
879	24 
880	19 
881	28 
882	6 
883	30 
884	28 
885	31 
886	9 
887	29 
888	24 
889	30 
890	21 
891	24 
892	20 
893	22 
894	9 
895	28 
896	3 
897	24 
898	28 
899	19 
900	19 
901	22 
902	24 
903	28 
904	10 
905	29 
906	24 
907	13 
908	6 
909	30 
910	10 
911	24 
912	9 
913	28 
914	17 
915	22 
916	24 
917	30 
918	25 
919	30 
920	12 
921	3 
922	28 
923	21 
924	10 
925	25 
926	24 
927	30 
928	19 
929	25 
930	17 
931	9 
932	24 
933	22 
934	17 
935	20 
936	20 
937	12 
938	19 
939	25 
940	20 
941	20 
942	22 
943	30 
944	29 
945	3 
946	22 
947	9 
948	22 
949	29 
950	30 
951	30 
952	28 
953	3 
954	9 
955	3 
956	28 
957	20 
958	30 
959	25 
960	3 
961	19 
962	30 
963	17 
964	12 
965	19 
966	22 
967	20 
968	19 
969	30 
970	9 
971	22 
972	9 
973	22 
974	3 
975	19 
976	10 
977	20 
978	20 
979	12 
980	22 
981	3 
982	3 
983	9 
984	3 
985	20 
986	12 
987	3 
988	17 
989	9 
990	20 
991	24 
992	17 
993	28 
994	28 
995	17 
996	20 
997	28 
998	28 
999	3 
1000	28 
