1	29 
2	17 
3	3 
4	20 
5	29 
6	2 
7	15 
8	20 
9	30 
10	10 
11	30 
12	32 
13	16 
14	11 
15	1 
16	29 
17	23 
18	12 
19	32 
20	20 
21	20 
22	27 
23	7 
24	20 
25	33 
26	11 
27	22 
28	30 
29	26 
30	12 
31	29 
32	30 
33	25 
34	23 
35	13 
36	13 
37	3 
38	12 
39	17 
40	9 
41	7 
42	18 
43	17 
44	25 
45	18 
46	16 
47	3 
48	18 
49	7 
50	3 
51	25 
52	6 
53	17 
54	22 
55	3 
56	3 
57	3 
58	8 
59	19 
60	6 
61	20 
62	12 
63	26 
64	11 
65	25 
66	22 
67	33 
68	25 
69	12 
70	23 
71	1 
72	28 
73	31 
74	21 
75	11 
76	20 
77	20 
78	27 
79	2 
80	14 
81	4 
82	25 
83	27 
84	23 
85	16 
86	6 
87	25 
88	27 
89	20 
90	32 
91	12 
92	31 
93	8 
94	6 
95	10 
96	14 
97	26 
98	5 
99	28 
100	4 
101	9 
102	4 
103	32 
104	21 
105	20 
106	4 
107	4 
108	19 
109	29 
110	19 
111	6 
112	9 
113	2 
114	15 
115	15 
116	27 
117	25 
118	20 
119	12 
120	13 
121	29 
122	11 
123	29 
124	26 
125	33 
126	26 
127	6 
128	1 
129	5 
130	11 
131	9 
132	27 
133	18 
134	6 
135	13 
136	20 
137	29 
138	24 
139	16 
140	11 
141	22 
142	7 
143	16 
144	28 
145	14 
146	2 
147	8 
148	24 
149	26 
150	6 
151	25 
152	4 
153	6 
154	27 
155	15 
156	13 
157	19 
158	4 
159	31 
160	13 
161	32 
162	27 
163	32 
164	18 
165	12 
166	25 
167	31 
168	27 
169	25 
170	22 
171	11 
172	22 
173	14 
174	4 
175	9 
176	21 
177	23 
178	19 
179	8 
180	4 
181	26 
182	9 
183	9 
184	21 
185	27 
186	21 
187	27 
188	20 
189	6 
190	18 
191	18 
192	3 
193	4 
194	33 
195	14 
196	3 
197	28 
198	21 
199	31 
200	16 
201	6 
202	26 
203	27 
204	6 
205	3 
206	5 
207	2 
208	3 
209	31 
210	19 
211	2 
212	1 
213	26 
214	7 
215	9 
216	9 
217	30 
218	2 
219	33 
220	24 
221	18 
222	32 
223	33 
224	23 
225	25 
226	5 
227	25 
228	13 
229	27 
230	1 
231	9 
232	19 
233	29 
234	19 
235	24 
236	8 
237	29 
238	31 
239	27 
240	33 
241	18 
242	19 
243	4 
244	19 
245	13 
246	31 
247	6 
248	31 
249	2 
250	7 
251	1 
252	14 
253	16 
254	22 
255	12 
256	4 
257	28 
258	14 
259	31 
260	24 
261	24 
262	15 
263	26 
264	15 
265	8 
266	7 
267	13 
268	3 
269	7 
270	22 
271	29 
272	20 
273	21 
274	4 
275	10 
276	16 
277	8 
278	6 
279	21 
280	16 
281	7 
282	4 
283	7 
284	22 
285	6 
286	22 
287	1 
288	19 
289	14 
290	19 
291	8 
292	21 
293	31 
294	4 
295	13 
296	10 
297	16 
298	25 
299	10 
300	2 
301	20 
302	12 
303	11 
304	31 
305	1 
306	31 
307	9 
308	23 
309	27 
310	21 
311	2 
312	19 
313	2 
314	24 
315	11 
316	5 
317	2 
318	9 
319	27 
320	3 
321	19 
322	19 
323	7 
324	28 
325	26 
326	31 
327	18 
328	2 
329	9 
330	25 
331	29 
332	13 
333	17 
334	28 
335	27 
336	29 
337	27 
338	27 
339	19 
340	21 
341	3 
342	13 
343	22 
344	23 
345	6 
346	21 
347	13 
348	27 
349	16 
350	14 
351	3 
352	1 
353	19 
354	18 
355	9 
356	32 
357	33 
358	22 
359	20 
360	13 
361	25 
362	15 
363	29 
364	19 
365	21 
366	27 
367	10 
368	7 
369	10 
370	2 
371	3 
372	30 
373	30 
374	29 
375	33 
376	13 
377	19 
378	19 
379	18 
380	32 
381	23 
382	25 
383	29 
384	18 
385	22 
386	24 
387	28 
388	14 
389	28 
390	29 
391	9 
392	11 
393	28 
394	19 
395	29 
396	8 
397	31 
398	15 
399	1 
400	1 
401	3 
402	31 
403	21 
404	18 
405	22 
406	27 
407	18 
408	33 
409	1 
410	32 
411	27 
412	26 
413	13 
414	10 
415	25 
416	10 
417	12 
418	22 
419	24 
420	4 
421	4 
422	30 
423	2 
424	31 
425	20 
426	23 
427	13 
428	24 
429	1 
430	20 
431	20 
432	15 
433	17 
434	7 
435	20 
436	27 
437	28 
438	26 
439	22 
440	21 
441	21 
442	17 
443	15 
444	33 
445	12 
446	3 
447	13 
448	26 
449	3 
450	11 
451	24 
452	5 
453	15 
454	31 
455	31 
456	20 
457	31 
458	26 
459	14 
460	4 
461	22 
462	24 
463	27 
464	24 
465	25 
466	5 
467	31 
468	24 
469	31 
470	9 
471	26 
472	9 
473	2 
474	18 
475	21 
476	23 
477	21 
478	31 
479	12 
480	5 
481	31 
482	31 
483	19 
484	32 
485	26 
486	18 
487	19 
488	30 
489	28 
490	9 
491	3 
492	12 
493	13 
494	18 
495	31 
496	31 
497	23 
498	15 
499	26 
500	13 
501	15 
502	21 
503	1 
504	2 
505	18 
506	10 
507	20 
508	6 
509	26 
510	28 
511	30 
512	32 
513	22 
514	8 
515	5 
516	6 
517	22 
518	27 
519	2 
520	1 
521	4 
522	29 
523	22 
524	31 
525	16 
526	12 
527	5 
528	18 
529	31 
530	26 
531	10 
532	9 
533	16 
534	12 
535	8 
536	19 
537	17 
538	20 
539	5 
540	3 
541	31 
542	11 
543	30 
544	3 
545	29 
546	21 
547	2 
548	15 
549	2 
550	27 
551	30 
552	25 
553	15 
554	12 
555	2 
556	8 
557	23 
558	27 
559	18 
560	25 
561	19 
562	28 
563	3 
564	15 
565	26 
566	6 
567	2 
568	19 
569	26 
570	22 
571	13 
572	12 
573	29 
574	4 
575	11 
576	5 
577	31 
578	18 
579	24 
580	29 
581	23 
582	4 
583	28 
584	20 
585	13 
586	11 
587	7 
588	33 
589	6 
590	33 
591	32 
592	19 
593	7 
594	16 
595	18 
596	21 
597	2 
598	20 
599	22 
600	27 
601	11 
602	30 
603	10 
604	30 
605	12 
606	11 
607	16 
608	22 
609	25 
610	11 
611	5 
612	31 
613	29 
614	20 
615	30 
616	31 
617	6 
618	25 
619	18 
620	14 
621	17 
622	3 
623	27 
624	4 
625	15 
626	14 
627	19 
628	27 
629	19 
630	18 
631	22 
632	30 
633	28 
634	27 
635	12 
636	17 
637	6 
638	29 
639	18 
640	4 
641	2 
642	22 
643	21 
644	20 
645	27 
646	8 
647	24 
648	19 
649	18 
650	17 
651	23 
652	7 
653	23 
654	29 
655	15 
656	6 
657	32 
658	7 
659	17 
660	13 
661	33 
662	27 
663	10 
664	23 
665	27 
666	28 
667	23 
668	16 
669	3 
670	6 
671	32 
672	22 
673	6 
674	18 
675	26 
676	22 
677	32 
678	29 
679	26 
680	31 
681	17 
682	11 
683	29 
684	25 
685	4 
686	19 
687	33 
688	28 
689	11 
690	2 
691	18 
692	27 
693	22 
694	20 
695	16 
696	25 
697	13 
698	19 
699	32 
700	13 
701	27 
702	8 
703	28 
704	17 
705	19 
706	10 
707	29 
708	20 
709	2 
710	26 
711	5 
712	5 
713	24 
714	7 
715	10 
716	25 
717	14 
718	26 
719	20 
720	4 
721	32 
722	22 
723	17 
724	20 
725	17 
726	29 
727	8 
728	9 
729	11 
730	13 
731	15 
732	16 
733	11 
734	26 
735	29 
736	3 
737	31 
738	8 
739	6 
740	31 
741	11 
742	26 
743	22 
744	12 
745	33 
746	21 
747	18 
748	10 
749	20 
750	1 
751	32 
752	18 
753	23 
754	16 
755	5 
756	4 
757	9 
758	26 
759	24 
760	20 
761	8 
762	20 
763	2 
764	29 
765	5 
766	13 
767	17 
768	27 
769	22 
770	4 
771	21 
772	6 
773	1 
774	17 
775	5 
776	30 
777	4 
778	20 
779	10 
780	28 
781	2 
782	20 
783	1 
784	13 
785	9 
786	10 
787	1 
788	22 
789	8 
790	12 
791	13 
792	3 
793	28 
794	11 
795	5 
796	23 
797	24 
798	14 
799	11 
800	7 
801	24 
802	18 
803	33 
804	7 
805	19 
806	24 
807	26 
808	19 
809	8 
810	17 
811	4 
812	3 
813	27 
814	9 
815	10 
816	30 
817	5 
818	25 
819	4 
820	25 
821	25 
822	28 
823	30 
824	17 
825	16 
826	10 
827	4 
828	26 
829	21 
830	20 
831	17 
832	31 
833	14 
834	33 
835	30 
836	10 
837	20 
838	6 
839	16 
840	20 
841	6 
842	1 
843	26 
844	21 
845	24 
846	15 
847	30 
848	1 
849	20 
850	13 
851	27 
852	10 
853	28 
854	20 
855	1 
856	2 
857	25 
858	14 
859	31 
860	17 
861	7 
862	3 
863	15 
864	19 
865	20 
866	21 
867	26 
868	12 
869	22 
870	29 
871	30 
872	14 
873	28 
874	28 
875	7 
876	11 
877	1 
878	8 
879	23 
880	21 
881	17 
882	11 
883	4 
884	25 
885	28 
886	33 
887	30 
888	6 
889	30 
890	14 
891	17 
892	23 
893	10 
894	19 
895	29 
896	6 
897	33 
898	6 
899	33 
900	14 
901	5 
902	13 
903	5 
904	18 
905	13 
906	14 
907	33 
908	1 
909	10 
910	31 
911	8 
912	10 
913	27 
914	20 
915	13 
916	5 
917	24 
918	23 
919	18 
920	1 
921	30 
922	32 
923	6 
924	6 
925	6 
926	32 
927	18 
928	28 
929	32 
930	29 
931	19 
932	2 
933	30 
934	31 
935	29 
936	4 
937	3 
938	18 
939	28 
940	4 
941	30 
942	2 
943	19 
944	26 
945	22 
946	31 
947	4 
948	11 
949	21 
950	10 
951	22 
952	28 
953	9 
954	24 
955	25 
956	1 
957	3 
958	11 
959	29 
960	3 
961	6 
962	29 
963	28 
964	9 
965	10 
966	22 
967	31 
968	3 
969	22 
970	2 
971	19 
972	3 
973	29 
974	19 
975	19 
976	30 
977	30 
978	3 
979	11 
980	13 
981	11 
982	13 
983	18 
984	29 
985	31 
986	3 
987	19 
988	19 
989	4 
990	29 
991	26 
992	27 
993	6 
994	25 
995	6 
996	11 
997	20 
998	18 
999	11 
1000	11 
