1	10 
2	5 
3	5 
4	4 
5	8 
6	19 
7	10 
8	3 
9	5 
10	2 
11	6 
12	22 
13	10 
14	6 
15	30 
16	11 
17	4 
18	1 
19	20 
20	29 
21	12 
22	19 
23	20 
24	29 
25	6 
26	15 
27	19 
28	7 
29	16 
30	29 
31	1 
32	16 
33	16 
34	15 
35	4 
36	13 
37	24 
38	10 
39	1 
40	8 
41	12 
42	6 
43	5 
44	15 
45	20 
46	2 
47	30 
48	9 
49	13 
50	3 
51	1 
52	12 
53	4 
54	3 
55	12 
56	24 
57	16 
58	5 
59	6 
60	12 
61	26 
62	29 
63	9 
64	28 
65	1 
66	26 
67	23 
68	3 
69	24 
70	15 
71	19 
72	28 
73	18 
74	1 
75	30 
76	26 
77	1 
78	9 
79	2 
80	9 
81	8 
82	1 
83	19 
84	6 
85	4 
86	25 
87	7 
88	24 
89	10 
90	12 
91	24 
92	17 
93	21 
94	30 
95	4 
96	26 
97	7 
98	16 
99	24 
100	21 
101	20 
102	14 
103	4 
104	7 
105	11 
106	4 
107	12 
108	27 
109	4 
110	18 
111	14 
112	3 
113	28 
114	2 
115	9 
116	15 
117	6 
118	10 
119	17 
120	28 
121	26 
122	19 
123	21 
124	29 
125	17 
126	25 
127	24 
128	18 
129	2 
130	21 
131	13 
132	4 
133	25 
134	1 
135	15 
136	20 
137	26 
138	6 
139	26 
140	29 
141	10 
142	11 
143	28 
144	29 
145	6 
146	4 
147	6 
148	27 
149	9 
150	7 
151	27 
152	21 
153	21 
154	21 
155	14 
156	9 
157	30 
158	30 
159	28 
160	22 
161	24 
162	28 
163	24 
164	12 
165	27 
166	1 
167	2 
168	14 
169	14 
170	10 
171	2 
172	30 
173	23 
174	9 
175	25 
176	1 
177	8 
178	1 
179	12 
180	29 
181	9 
182	22 
183	7 
184	5 
185	7 
186	8 
187	17 
188	28 
189	2 
190	11 
191	3 
192	23 
193	26 
194	9 
195	12 
196	18 
197	5 
198	16 
199	20 
200	27 
201	15 
202	20 
203	10 
204	21 
205	28 
206	15 
207	19 
208	16 
209	27 
210	4 
211	8 
212	28 
213	2 
214	19 
215	4 
216	22 
217	28 
218	6 
219	7 
220	20 
221	7 
222	14 
223	25 
224	17 
225	28 
226	3 
227	24 
228	29 
229	26 
230	26 
231	7 
232	19 
233	4 
234	29 
235	6 
236	1 
237	19 
238	30 
239	11 
240	30 
241	12 
242	7 
243	13 
244	3 
245	24 
246	15 
247	9 
248	12 
249	5 
250	25 
251	14 
252	17 
253	28 
254	25 
255	26 
256	8 
257	23 
258	7 
259	12 
260	21 
261	8 
262	18 
263	18 
264	4 
265	3 
266	9 
267	16 
268	16 
269	18 
270	30 
271	24 
272	16 
273	7 
274	18 
275	26 
276	18 
277	1 
278	8 
279	22 
280	26 
281	7 
282	14 
283	11 
284	10 
285	14 
286	23 
287	14 
288	16 
289	8 
290	17 
291	27 
292	12 
293	16 
294	21 
295	10 
296	19 
297	19 
298	28 
299	7 
300	1 
301	11 
302	7 
303	28 
304	24 
305	1 
306	12 
307	4 
308	20 
309	12 
310	9 
311	18 
312	14 
313	25 
314	23 
315	15 
316	8 
317	4 
318	1 
319	23 
320	10 
321	29 
322	3 
323	5 
324	20 
325	21 
326	20 
327	17 
328	22 
329	17 
330	12 
331	28 
332	15 
333	14 
334	29 
335	17 
336	23 
337	10 
338	29 
339	22 
340	10 
341	29 
342	4 
343	29 
344	30 
345	3 
346	30 
347	5 
348	24 
349	26 
350	13 
351	2 
352	29 
353	14 
354	12 
355	2 
356	7 
357	17 
358	7 
359	8 
360	18 
361	21 
362	6 
363	1 
364	14 
365	1 
366	21 
367	29 
368	17 
369	24 
370	6 
371	28 
372	7 
373	2 
374	30 
375	12 
376	22 
377	10 
378	9 
379	18 
380	2 
381	29 
382	13 
383	7 
384	23 
385	14 
386	4 
387	22 
388	19 
389	13 
390	23 
391	14 
392	1 
393	11 
394	29 
395	1 
396	24 
397	19 
398	9 
399	24 
400	5 
401	26 
402	3 
403	21 
404	14 
405	18 
406	13 
407	25 
408	5 
409	19 
410	19 
411	4 
412	17 
413	7 
414	13 
415	10 
416	5 
417	27 
418	17 
419	25 
420	20 
421	19 
422	22 
423	20 
424	19 
425	1 
426	21 
427	24 
428	25 
429	6 
430	8 
431	4 
432	12 
433	24 
434	22 
435	28 
436	21 
437	19 
438	15 
439	4 
440	17 
441	2 
442	3 
443	10 
444	1 
445	9 
446	21 
447	14 
448	26 
449	18 
450	11 
451	20 
452	28 
453	8 
454	3 
455	7 
456	15 
457	21 
458	13 
459	15 
460	19 
461	15 
462	12 
463	25 
464	19 
465	8 
466	11 
467	7 
468	23 
469	3 
470	10 
471	11 
472	23 
473	20 
474	27 
475	22 
476	7 
477	5 
478	8 
479	7 
480	27 
481	26 
482	27 
483	5 
484	21 
485	24 
486	2 
487	13 
488	6 
489	23 
490	27 
491	3 
492	16 
493	22 
494	30 
495	15 
496	14 
497	19 
498	18 
499	6 
500	30 
501	1 
502	20 
503	9 
504	6 
505	18 
506	3 
507	3 
508	8 
509	2 
510	14 
511	7 
512	5 
513	27 
514	9 
515	26 
516	29 
517	8 
518	24 
519	2 
520	19 
521	13 
522	2 
523	6 
524	3 
525	23 
526	16 
527	7 
528	16 
529	1 
530	30 
531	30 
532	21 
533	21 
534	6 
535	4 
536	13 
537	27 
538	13 
539	15 
540	10 
541	23 
542	30 
543	24 
544	26 
545	12 
546	18 
547	6 
548	17 
549	28 
550	25 
551	2 
552	23 
553	13 
554	5 
555	18 
556	29 
557	29 
558	14 
559	7 
560	20 
561	23 
562	3 
563	1 
564	21 
565	1 
566	28 
567	8 
568	6 
569	27 
570	30 
571	6 
572	20 
573	28 
574	13 
575	12 
576	3 
577	7 
578	2 
579	29 
580	22 
581	7 
582	26 
583	14 
584	15 
585	24 
586	20 
587	20 
588	27 
589	2 
590	26 
591	4 
592	29 
593	16 
594	25 
595	27 
596	22 
597	8 
598	24 
599	20 
600	28 
601	9 
602	13 
603	10 
604	10 
605	19 
606	15 
607	28 
608	13 
609	17 
610	21 
611	23 
612	5 
613	25 
614	30 
615	8 
616	14 
617	26 
618	9 
619	17 
620	13 
621	17 
622	11 
623	28 
624	26 
625	22 
626	11 
627	25 
628	5 
629	1 
630	4 
631	30 
632	16 
633	4 
634	1 
635	18 
636	15 
637	12 
638	29 
639	12 
640	27 
641	25 
642	20 
643	2 
644	1 
645	17 
646	13 
647	30 
648	28 
649	15 
650	28 
651	16 
652	21 
653	8 
654	5 
655	6 
656	22 
657	10 
658	6 
659	14 
660	13 
661	17 
662	3 
663	22 
664	4 
665	1 
666	13 
667	10 
668	12 
669	1 
670	9 
671	8 
672	20 
673	7 
674	12 
675	11 
676	21 
677	28 
678	22 
679	2 
680	11 
681	1 
682	23 
683	5 
684	26 
685	1 
686	6 
687	14 
688	2 
689	21 
690	10 
691	5 
692	16 
693	28 
694	26 
695	27 
696	14 
697	26 
698	10 
699	28 
700	20 
701	19 
702	30 
703	3 
704	26 
705	12 
706	29 
707	21 
708	30 
709	6 
710	1 
711	14 
712	16 
713	20 
714	18 
715	9 
716	2 
717	29 
718	27 
719	21 
720	15 
721	1 
722	23 
723	26 
724	15 
725	13 
726	4 
727	27 
728	16 
729	1 
730	21 
731	29 
732	4 
733	18 
734	18 
735	21 
736	19 
737	20 
738	4 
739	3 
740	28 
741	29 
742	24 
743	11 
744	28 
745	16 
746	9 
747	3 
748	1 
749	9 
750	10 
751	2 
752	14 
753	7 
754	19 
755	21 
756	19 
757	11 
758	28 
759	5 
760	24 
761	23 
762	15 
763	30 
764	15 
765	20 
766	24 
767	29 
768	28 
769	5 
770	5 
771	4 
772	4 
773	18 
774	18 
775	19 
776	14 
777	13 
778	6 
779	19 
780	30 
781	22 
782	6 
783	25 
784	4 
785	18 
786	16 
787	3 
788	4 
789	4 
790	25 
791	18 
792	16 
793	11 
794	3 
795	18 
796	28 
797	13 
798	15 
799	11 
800	28 
801	30 
802	9 
803	25 
804	2 
805	12 
806	22 
807	30 
808	11 
809	30 
810	14 
811	14 
812	21 
813	4 
814	26 
815	12 
816	4 
817	16 
818	9 
819	10 
820	4 
821	5 
822	10 
823	4 
824	27 
825	22 
826	8 
827	6 
828	1 
829	22 
830	3 
831	25 
832	7 
833	22 
834	15 
835	30 
836	26 
837	5 
838	20 
839	25 
840	9 
841	12 
842	1 
843	18 
844	29 
845	26 
846	2 
847	26 
848	9 
849	4 
850	9 
851	20 
852	3 
853	28 
854	13 
855	3 
856	3 
857	26 
858	6 
859	13 
860	30 
861	15 
862	12 
863	18 
864	2 
865	2 
866	7 
867	13 
868	22 
869	3 
870	12 
871	15 
872	6 
873	22 
874	8 
875	30 
876	13 
877	16 
878	16 
879	28 
880	16 
881	5 
882	20 
883	12 
884	16 
885	14 
886	6 
887	1 
888	15 
889	24 
890	24 
891	5 
892	13 
893	15 
894	28 
895	26 
896	5 
897	5 
898	18 
899	4 
900	21 
901	5 
902	21 
903	24 
904	29 
905	3 
906	3 
907	4 
908	2 
909	7 
910	14 
911	6 
912	7 
913	3 
914	21 
915	14 
916	21 
917	16 
918	6 
919	2 
920	15 
921	15 
922	30 
923	5 
924	28 
925	12 
926	6 
927	3 
928	9 
929	6 
930	14 
931	7 
932	6 
933	2 
934	6 
935	29 
936	29 
937	28 
938	28 
939	5 
940	15 
941	7 
942	12 
943	4 
944	21 
945	28 
946	1 
947	14 
948	6 
949	6 
950	15 
951	30 
952	4 
953	26 
954	4 
955	7 
956	26 
957	6 
958	1 
959	14 
960	6 
961	7 
962	29 
963	2 
964	7 
965	28 
966	6 
967	6 
968	29 
969	26 
970	26 
971	28 
972	3 
973	1 
974	2 
975	2 
976	6 
977	1 
978	2 
979	7 
980	1 
981	3 
982	14 
983	2 
984	3 
985	1 
986	26 
987	7 
988	3 
989	4 
990	14 
991	28 
992	28 
993	26 
994	6 
995	14 
996	3 
997	3 
998	3 
999	1 
1000	4 
