1	9 
2	15 
3	10 
4	25 
5	12 
6	21 
7	23 
8	7 
9	21 
10	11 
11	11 
12	10 
13	16 
14	4 
15	29 
16	23 
17	8 
18	18 
19	11 
20	5 
21	9 
22	21 
23	7 
24	20 
25	27 
26	5 
27	10 
28	22 
29	13 
30	4 
31	29 
32	9 
33	29 
34	26 
35	7 
36	28 
37	8 
38	19 
39	26 
40	29 
41	7 
42	3 
43	30 
44	5 
45	2 
46	10 
47	1 
48	16 
49	19 
50	9 
51	24 
52	21 
53	21 
54	1 
55	27 
56	9 
57	18 
58	18 
59	31 
60	18 
61	29 
62	17 
63	28 
64	11 
65	8 
66	5 
67	20 
68	2 
69	7 
70	19 
71	29 
72	26 
73	12 
74	24 
75	20 
76	25 
77	3 
78	29 
79	10 
80	7 
81	14 
82	7 
83	14 
84	2 
85	25 
86	24 
87	15 
88	19 
89	30 
90	16 
91	9 
92	16 
93	20 
94	8 
95	2 
96	26 
97	25 
98	12 
99	30 
100	21 
101	18 
102	28 
103	23 
104	21 
105	2 
106	14 
107	25 
108	16 
109	5 
110	15 
111	9 
112	7 
113	11 
114	3 
115	6 
116	7 
117	26 
118	29 
119	6 
120	22 
121	14 
122	1 
123	18 
124	29 
125	21 
126	6 
127	15 
128	2 
129	14 
130	7 
131	29 
132	18 
133	12 
134	31 
135	11 
136	14 
137	17 
138	29 
139	9 
140	21 
141	3 
142	22 
143	12 
144	6 
145	19 
146	27 
147	29 
148	15 
149	24 
150	3 
151	21 
152	9 
153	7 
154	7 
155	9 
156	21 
157	27 
158	8 
159	16 
160	24 
161	24 
162	16 
163	10 
164	10 
165	12 
166	3 
167	29 
168	18 
169	14 
170	20 
171	15 
172	18 
173	7 
174	2 
175	16 
176	2 
177	27 
178	27 
179	23 
180	15 
181	22 
182	15 
183	5 
184	2 
185	7 
186	30 
187	8 
188	18 
189	9 
190	27 
191	11 
192	25 
193	25 
194	20 
195	26 
196	6 
197	22 
198	30 
199	12 
200	27 
201	2 
202	19 
203	3 
204	19 
205	26 
206	13 
207	20 
208	21 
209	2 
210	2 
211	22 
212	12 
213	24 
214	28 
215	13 
216	19 
217	27 
218	6 
219	22 
220	4 
221	31 
222	25 
223	15 
224	28 
225	7 
226	15 
227	2 
228	17 
229	22 
230	7 
231	11 
232	17 
233	16 
234	4 
235	26 
236	21 
237	9 
238	16 
239	24 
240	13 
241	10 
242	2 
243	14 
244	11 
245	26 
246	12 
247	30 
248	28 
249	27 
250	1 
251	22 
252	2 
253	25 
254	14 
255	22 
256	28 
257	16 
258	3 
259	7 
260	6 
261	1 
262	7 
263	6 
264	16 
265	31 
266	7 
267	13 
268	19 
269	27 
270	19 
271	11 
272	3 
273	26 
274	22 
275	11 
276	6 
277	9 
278	2 
279	4 
280	14 
281	12 
282	12 
283	1 
284	14 
285	7 
286	31 
287	29 
288	29 
289	24 
290	17 
291	25 
292	31 
293	28 
294	8 
295	2 
296	17 
297	23 
298	30 
299	11 
300	14 
301	7 
302	5 
303	3 
304	10 
305	29 
306	12 
307	6 
308	31 
309	7 
310	23 
311	24 
312	29 
313	2 
314	29 
315	21 
316	27 
317	25 
318	25 
319	16 
320	18 
321	21 
322	17 
323	2 
324	25 
325	1 
326	10 
327	31 
328	9 
329	16 
330	4 
331	5 
332	24 
333	5 
334	16 
335	30 
336	5 
337	24 
338	25 
339	30 
340	13 
341	13 
342	13 
343	22 
344	4 
345	23 
346	31 
347	11 
348	22 
349	1 
350	20 
351	12 
352	14 
353	16 
354	5 
355	3 
356	5 
357	13 
358	9 
359	14 
360	30 
361	15 
362	10 
363	4 
364	28 
365	2 
366	19 
367	30 
368	13 
369	22 
370	1 
371	10 
372	14 
373	13 
374	16 
375	24 
376	19 
377	7 
378	3 
379	29 
380	7 
381	28 
382	14 
383	22 
384	2 
385	10 
386	21 
387	3 
388	5 
389	18 
390	19 
391	14 
392	31 
393	15 
394	3 
395	31 
396	11 
397	2 
398	16 
399	19 
400	26 
401	13 
402	2 
403	27 
404	6 
405	5 
406	19 
407	8 
408	13 
409	7 
410	31 
411	19 
412	27 
413	8 
414	10 
415	31 
416	7 
417	4 
418	20 
419	9 
420	17 
421	15 
422	9 
423	11 
424	9 
425	16 
426	10 
427	9 
428	4 
429	23 
430	5 
431	12 
432	12 
433	7 
434	8 
435	19 
436	31 
437	7 
438	2 
439	31 
440	21 
441	7 
442	7 
443	21 
444	31 
445	15 
446	12 
447	21 
448	31 
449	10 
450	28 
451	4 
452	16 
453	1 
454	3 
455	18 
456	15 
457	5 
458	6 
459	14 
460	14 
461	4 
462	4 
463	6 
464	26 
465	12 
466	15 
467	8 
468	15 
469	25 
470	11 
471	14 
472	15 
473	9 
474	26 
475	23 
476	16 
477	27 
478	14 
479	24 
480	11 
481	16 
482	26 
483	15 
484	24 
485	10 
486	6 
487	15 
488	12 
489	26 
490	14 
491	1 
492	5 
493	25 
494	5 
495	16 
496	5 
497	30 
498	29 
499	30 
500	29 
501	4 
502	16 
503	19 
504	28 
505	14 
506	13 
507	21 
508	15 
509	6 
510	20 
511	20 
512	23 
513	14 
514	12 
515	17 
516	29 
517	18 
518	29 
519	4 
520	9 
521	13 
522	31 
523	15 
524	25 
525	19 
526	15 
527	28 
528	6 
529	12 
530	24 
531	21 
532	10 
533	21 
534	16 
535	25 
536	28 
537	29 
538	18 
539	13 
540	19 
541	21 
542	13 
543	24 
544	16 
545	27 
546	1 
547	16 
548	13 
549	4 
550	26 
551	31 
552	12 
553	18 
554	25 
555	30 
556	2 
557	10 
558	2 
559	19 
560	31 
561	25 
562	13 
563	10 
564	7 
565	15 
566	17 
567	8 
568	6 
569	9 
570	7 
571	10 
572	12 
573	29 
574	27 
575	20 
576	5 
577	21 
578	19 
579	15 
580	22 
581	4 
582	22 
583	11 
584	18 
585	24 
586	12 
587	11 
588	12 
589	10 
590	4 
591	4 
592	7 
593	4 
594	13 
595	8 
596	9 
597	12 
598	13 
599	14 
600	30 
601	12 
602	26 
603	10 
604	27 
605	20 
606	22 
607	20 
608	18 
609	23 
610	20 
611	4 
612	6 
613	24 
614	14 
615	15 
616	15 
617	6 
618	25 
619	17 
620	8 
621	23 
622	18 
623	31 
624	16 
625	14 
626	4 
627	24 
628	5 
629	27 
630	1 
631	7 
632	17 
633	15 
634	6 
635	18 
636	14 
637	6 
638	9 
639	20 
640	4 
641	23 
642	10 
643	12 
644	12 
645	29 
646	16 
647	8 
648	29 
649	16 
650	18 
651	27 
652	15 
653	4 
654	15 
655	8 
656	16 
657	9 
658	16 
659	30 
660	7 
661	23 
662	2 
663	14 
664	8 
665	20 
666	18 
667	4 
668	2 
669	14 
670	28 
671	14 
672	30 
673	5 
674	2 
675	29 
676	10 
677	31 
678	14 
679	28 
680	3 
681	1 
682	9 
683	1 
684	17 
685	21 
686	11 
687	10 
688	1 
689	28 
690	30 
691	26 
692	13 
693	31 
694	5 
695	20 
696	23 
697	31 
698	17 
699	14 
700	20 
701	23 
702	31 
703	23 
704	22 
705	3 
706	7 
707	3 
708	10 
709	15 
710	7 
711	7 
712	16 
713	2 
714	2 
715	11 
716	7 
717	29 
718	6 
719	15 
720	15 
721	30 
722	16 
723	3 
724	15 
725	9 
726	16 
727	29 
728	4 
729	18 
730	12 
731	8 
732	7 
733	22 
734	18 
735	6 
736	5 
737	13 
738	12 
739	25 
740	5 
741	29 
742	2 
743	13 
744	4 
745	16 
746	30 
747	1 
748	10 
749	28 
750	8 
751	9 
752	12 
753	15 
754	11 
755	20 
756	26 
757	1 
758	17 
759	6 
760	12 
761	31 
762	2 
763	31 
764	28 
765	17 
766	1 
767	2 
768	13 
769	10 
770	7 
771	3 
772	12 
773	20 
774	25 
775	14 
776	12 
777	9 
778	8 
779	17 
780	10 
781	2 
782	17 
783	28 
784	9 
785	25 
786	17 
787	11 
788	23 
789	29 
790	2 
791	25 
792	12 
793	31 
794	12 
795	5 
796	1 
797	14 
798	6 
799	1 
800	3 
801	6 
802	17 
803	27 
804	21 
805	6 
806	20 
807	6 
808	1 
809	6 
810	13 
811	8 
812	15 
813	9 
814	7 
815	29 
816	15 
817	8 
818	12 
819	18 
820	26 
821	27 
822	13 
823	27 
824	15 
825	4 
826	7 
827	11 
828	31 
829	5 
830	29 
831	21 
832	24 
833	9 
834	5 
835	6 
836	26 
837	27 
838	5 
839	21 
840	12 
841	23 
842	11 
843	6 
844	22 
845	9 
846	3 
847	13 
848	23 
849	10 
850	22 
851	12 
852	10 
853	20 
854	4 
855	12 
856	14 
857	15 
858	16 
859	14 
860	2 
861	16 
862	2 
863	2 
864	16 
865	24 
866	23 
867	23 
868	13 
869	13 
870	28 
871	24 
872	25 
873	30 
874	7 
875	25 
876	17 
877	28 
878	31 
879	16 
880	26 
881	12 
882	31 
883	7 
884	10 
885	15 
886	1 
887	13 
888	11 
889	28 
890	27 
891	12 
892	19 
893	22 
894	10 
895	2 
896	19 
897	13 
898	31 
899	10 
900	11 
901	29 
902	2 
903	6 
904	25 
905	14 
906	25 
907	28 
908	5 
909	13 
910	14 
911	15 
912	18 
913	22 
914	8 
915	19 
916	12 
917	22 
918	16 
919	16 
920	25 
921	10 
922	27 
923	10 
924	12 
925	23 
926	6 
927	4 
928	5 
929	11 
930	26 
931	8 
932	2 
933	1 
934	13 
935	21 
936	14 
937	22 
938	21 
939	27 
940	2 
941	11 
942	9 
943	13 
944	7 
945	19 
946	7 
947	5 
948	2 
949	1 
950	11 
951	14 
952	10 
953	10 
954	16 
955	23 
956	29 
957	15 
958	5 
959	14 
960	31 
961	5 
962	16 
963	7 
964	31 
965	12 
966	21 
967	6 
968	10 
969	10 
970	5 
971	2 
972	14 
973	12 
974	25 
975	9 
976	31 
977	18 
978	4 
979	4 
980	15 
981	14 
982	13 
983	14 
984	9 
985	13 
986	6 
987	5 
988	5 
989	10 
990	16 
991	12 
992	10 
993	16 
994	11 
995	12 
996	11 
997	31 
998	10 
999	4 
1000	10 
