1	8 
2	5 
3	3 
4	13 
5	3 
6	29 
7	1 
8	5 
9	16 
10	10 
11	17 
12	27 
13	25 
14	7 
15	25 
16	16 
17	11 
18	11 
19	10 
20	18 
21	6 
22	25 
23	15 
24	21 
25	15 
26	25 
27	29 
28	18 
29	21 
30	27 
31	26 
32	20 
33	3 
34	23 
35	1 
36	20 
37	10 
38	3 
39	20 
40	12 
41	7 
42	8 
43	2 
44	28 
45	23 
46	12 
47	1 
48	25 
49	18 
50	27 
51	21 
52	5 
53	13 
54	8 
55	8 
56	8 
57	15 
58	10 
59	27 
60	10 
61	26 
62	8 
63	9 
64	23 
65	14 
66	19 
67	28 
68	29 
69	2 
70	3 
71	23 
72	28 
73	11 
74	14 
75	5 
76	12 
77	12 
78	5 
79	17 
80	15 
81	13 
82	15 
83	19 
84	3 
85	25 
86	2 
87	28 
88	27 
89	12 
90	6 
91	29 
92	23 
93	27 
94	9 
95	19 
96	11 
97	25 
98	16 
99	22 
100	13 
101	23 
102	25 
103	4 
104	20 
105	20 
106	6 
107	21 
108	26 
109	4 
110	23 
111	3 
112	16 
113	13 
114	8 
115	19 
116	16 
117	12 
118	14 
119	15 
120	1 
121	13 
122	12 
123	15 
124	26 
125	7 
126	2 
127	13 
128	3 
129	2 
130	12 
131	14 
132	14 
133	26 
134	21 
135	5 
136	7 
137	29 
138	19 
139	14 
140	18 
141	23 
142	12 
143	4 
144	2 
145	23 
146	28 
147	28 
148	2 
149	28 
150	4 
151	19 
152	29 
153	12 
154	14 
155	22 
156	15 
157	24 
158	20 
159	28 
160	22 
161	5 
162	16 
163	14 
164	22 
165	27 
166	23 
167	4 
168	24 
169	7 
170	20 
171	25 
172	6 
173	23 
174	25 
175	23 
176	18 
177	11 
178	14 
179	29 
180	19 
181	10 
182	14 
183	7 
184	6 
185	10 
186	2 
187	18 
188	3 
189	20 
190	19 
191	23 
192	21 
193	15 
194	22 
195	12 
196	23 
197	23 
198	6 
199	14 
200	19 
201	6 
202	4 
203	27 
204	10 
205	3 
206	13 
207	12 
208	16 
209	5 
210	9 
211	8 
212	27 
213	14 
214	20 
215	19 
216	23 
217	29 
218	15 
219	13 
220	20 
221	8 
222	10 
223	14 
224	15 
225	2 
226	1 
227	23 
228	25 
229	20 
230	8 
231	13 
232	8 
233	24 
234	5 
235	7 
236	21 
237	26 
238	27 
239	23 
240	10 
241	19 
242	18 
243	15 
244	18 
245	26 
246	4 
247	4 
248	16 
249	1 
250	20 
251	15 
252	16 
253	8 
254	15 
255	7 
256	14 
257	12 
258	8 
259	23 
260	1 
261	18 
262	6 
263	21 
264	6 
265	6 
266	13 
267	25 
268	2 
269	22 
270	15 
271	26 
272	5 
273	15 
274	18 
275	13 
276	22 
277	10 
278	7 
279	9 
280	29 
281	11 
282	21 
283	20 
284	20 
285	25 
286	27 
287	9 
288	1 
289	6 
290	28 
291	17 
292	19 
293	22 
294	26 
295	1 
296	26 
297	28 
298	28 
299	10 
300	2 
301	4 
302	4 
303	24 
304	2 
305	22 
306	26 
307	26 
308	19 
309	27 
310	3 
311	17 
312	20 
313	11 
314	1 
315	6 
316	14 
317	29 
318	3 
319	29 
320	21 
321	9 
322	26 
323	9 
324	9 
325	6 
326	16 
327	6 
328	29 
329	20 
330	2 
331	5 
332	11 
333	23 
334	6 
335	1 
336	22 
337	25 
338	20 
339	22 
340	19 
341	5 
342	10 
343	16 
344	6 
345	22 
346	18 
347	1 
348	9 
349	23 
350	23 
351	27 
352	1 
353	28 
354	2 
355	13 
356	24 
357	21 
358	8 
359	27 
360	25 
361	14 
362	14 
363	18 
364	8 
365	17 
366	8 
367	17 
368	25 
369	14 
370	13 
371	24 
372	28 
373	1 
374	22 
375	18 
376	14 
377	26 
378	11 
379	8 
380	24 
381	25 
382	17 
383	6 
384	25 
385	9 
386	5 
387	27 
388	13 
389	22 
390	5 
391	22 
392	26 
393	14 
394	25 
395	24 
396	24 
397	26 
398	11 
399	6 
400	16 
401	21 
402	17 
403	29 
404	22 
405	15 
406	4 
407	6 
408	23 
409	7 
410	13 
411	8 
412	24 
413	23 
414	11 
415	25 
416	21 
417	2 
418	6 
419	25 
420	13 
421	24 
422	16 
423	4 
424	11 
425	19 
426	25 
427	20 
428	19 
429	24 
430	5 
431	7 
432	27 
433	20 
434	22 
435	8 
436	4 
437	23 
438	29 
439	21 
440	29 
441	10 
442	5 
443	27 
444	27 
445	21 
446	11 
447	15 
448	9 
449	3 
450	23 
451	6 
452	12 
453	25 
454	5 
455	16 
456	11 
457	26 
458	5 
459	25 
460	4 
461	9 
462	9 
463	11 
464	3 
465	13 
466	21 
467	6 
468	7 
469	28 
470	20 
471	20 
472	6 
473	11 
474	1 
475	13 
476	8 
477	28 
478	17 
479	14 
480	6 
481	5 
482	27 
483	10 
484	21 
485	11 
486	18 
487	6 
488	1 
489	17 
490	23 
491	5 
492	8 
493	25 
494	13 
495	24 
496	3 
497	6 
498	27 
499	25 
500	12 
501	5 
502	25 
503	3 
504	11 
505	17 
506	4 
507	9 
508	19 
509	8 
510	6 
511	19 
512	27 
513	21 
514	2 
515	1 
516	21 
517	13 
518	12 
519	5 
520	23 
521	2 
522	28 
523	19 
524	1 
525	27 
526	12 
527	25 
528	12 
529	28 
530	11 
531	8 
532	20 
533	5 
534	16 
535	16 
536	6 
537	11 
538	25 
539	10 
540	18 
541	14 
542	17 
543	25 
544	7 
545	15 
546	2 
547	5 
548	7 
549	9 
550	29 
551	29 
552	22 
553	23 
554	13 
555	25 
556	8 
557	9 
558	13 
559	23 
560	4 
561	4 
562	24 
563	14 
564	15 
565	2 
566	4 
567	21 
568	10 
569	25 
570	6 
571	23 
572	27 
573	17 
574	3 
575	16 
576	19 
577	3 
578	15 
579	12 
580	2 
581	3 
582	5 
583	11 
584	13 
585	26 
586	29 
587	20 
588	29 
589	16 
590	12 
591	12 
592	12 
593	7 
594	9 
595	11 
596	14 
597	21 
598	11 
599	19 
600	28 
601	2 
602	20 
603	18 
604	7 
605	23 
606	11 
607	21 
608	3 
609	24 
610	7 
611	23 
612	25 
613	25 
614	4 
615	14 
616	29 
617	22 
618	14 
619	16 
620	23 
621	12 
622	15 
623	7 
624	29 
625	3 
626	13 
627	20 
628	8 
629	21 
630	17 
631	13 
632	13 
633	29 
634	4 
635	22 
636	17 
637	8 
638	27 
639	25 
640	4 
641	1 
642	22 
643	9 
644	16 
645	4 
646	26 
647	23 
648	24 
649	10 
650	12 
651	21 
652	25 
653	24 
654	28 
655	15 
656	27 
657	15 
658	16 
659	4 
660	29 
661	26 
662	23 
663	12 
664	23 
665	7 
666	5 
667	29 
668	17 
669	12 
670	6 
671	5 
672	7 
673	9 
674	13 
675	4 
676	12 
677	1 
678	10 
679	18 
680	14 
681	4 
682	5 
683	29 
684	16 
685	26 
686	8 
687	6 
688	25 
689	1 
690	12 
691	14 
692	22 
693	20 
694	3 
695	12 
696	11 
697	18 
698	14 
699	4 
700	28 
701	27 
702	15 
703	18 
704	16 
705	23 
706	26 
707	29 
708	28 
709	10 
710	13 
711	8 
712	28 
713	8 
714	4 
715	3 
716	19 
717	17 
718	6 
719	18 
720	12 
721	3 
722	15 
723	12 
724	1 
725	15 
726	2 
727	17 
728	5 
729	2 
730	20 
731	22 
732	10 
733	18 
734	9 
735	6 
736	4 
737	24 
738	29 
739	14 
740	29 
741	17 
742	23 
743	15 
744	17 
745	1 
746	7 
747	14 
748	2 
749	6 
750	21 
751	12 
752	14 
753	29 
754	28 
755	20 
756	28 
757	18 
758	24 
759	2 
760	28 
761	16 
762	15 
763	4 
764	11 
765	10 
766	2 
767	6 
768	11 
769	13 
770	24 
771	5 
772	7 
773	3 
774	3 
775	1 
776	23 
777	3 
778	13 
779	25 
780	15 
781	13 
782	5 
783	18 
784	12 
785	3 
786	9 
787	24 
788	29 
789	15 
790	10 
791	8 
792	4 
793	14 
794	10 
795	5 
796	24 
797	9 
798	4 
799	10 
800	20 
801	4 
802	27 
803	4 
804	2 
805	19 
806	28 
807	25 
808	18 
809	13 
810	4 
811	11 
812	27 
813	27 
814	18 
815	20 
816	24 
817	16 
818	5 
819	22 
820	24 
821	3 
822	26 
823	16 
824	2 
825	19 
826	17 
827	20 
828	5 
829	14 
830	17 
831	17 
832	29 
833	10 
834	4 
835	11 
836	7 
837	22 
838	21 
839	29 
840	12 
841	11 
842	7 
843	19 
844	6 
845	12 
846	12 
847	2 
848	10 
849	3 
850	23 
851	2 
852	1 
853	20 
854	11 
855	23 
856	24 
857	5 
858	27 
859	27 
860	18 
861	2 
862	14 
863	8 
864	27 
865	25 
866	12 
867	19 
868	20 
869	20 
870	13 
871	10 
872	25 
873	22 
874	5 
875	14 
876	23 
877	13 
878	16 
879	3 
880	6 
881	7 
882	20 
883	25 
884	6 
885	4 
886	4 
887	6 
888	15 
889	9 
890	20 
891	22 
892	1 
893	29 
894	9 
895	5 
896	23 
897	25 
898	16 
899	29 
900	2 
901	6 
902	14 
903	22 
904	13 
905	12 
906	6 
907	5 
908	4 
909	3 
910	9 
911	15 
912	18 
913	29 
914	8 
915	29 
916	8 
917	3 
918	18 
919	12 
920	1 
921	14 
922	18 
923	8 
924	12 
925	14 
926	13 
927	5 
928	23 
929	2 
930	12 
931	4 
932	15 
933	20 
934	27 
935	12 
936	12 
937	12 
938	27 
939	15 
940	4 
941	12 
942	15 
943	18 
944	12 
945	2 
946	8 
947	5 
948	13 
949	20 
950	29 
951	12 
952	13 
953	6 
954	29 
955	8 
956	2 
957	4 
958	12 
959	14 
960	12 
961	27 
962	13 
963	4 
964	25 
965	13 
966	4 
967	15 
968	6 
969	25 
970	25 
971	14 
972	2 
973	3 
974	23 
975	14 
976	2 
977	4 
978	6 
979	13 
980	4 
981	15 
982	14 
983	3 
984	6 
985	3 
986	5 
987	23 
988	13 
989	14 
990	20 
991	2 
992	25 
993	14 
994	5 
995	6 
996	6 
997	6 
998	12 
999	6 
1000	13 
