1	1 
2	22 
3	22 
4	24 
5	20 
6	9 
7	19 
8	1 
9	22 
10	27 
11	30 
12	23 
13	22 
14	30 
15	13 
16	3 
17	24 
18	29 
19	10 
20	30 
21	27 
22	22 
23	19 
24	21 
25	5 
26	2 
27	17 
28	26 
29	4 
30	16 
31	7 
32	21 
33	17 
34	9 
35	14 
36	9 
37	12 
38	30 
39	24 
40	18 
41	23 
42	28 
43	15 
44	7 
45	7 
46	20 
47	5 
48	20 
49	16 
50	23 
51	13 
52	6 
53	11 
54	5 
55	14 
56	2 
57	25 
58	22 
59	9 
60	10 
61	11 
62	25 
63	26 
64	19 
65	12 
66	30 
67	12 
68	9 
69	3 
70	9 
71	22 
72	24 
73	14 
74	25 
75	19 
76	7 
77	10 
78	24 
79	12 
80	8 
81	30 
82	27 
83	14 
84	3 
85	17 
86	4 
87	20 
88	27 
89	3 
90	13 
91	23 
92	18 
93	2 
94	11 
95	3 
96	14 
97	7 
98	3 
99	8 
100	25 
101	27 
102	6 
103	21 
104	28 
105	11 
106	28 
107	4 
108	26 
109	17 
110	4 
111	5 
112	9 
113	16 
114	21 
115	20 
116	30 
117	9 
118	28 
119	9 
120	22 
121	5 
122	6 
123	16 
124	16 
125	15 
126	19 
127	1 
128	11 
129	25 
130	14 
131	9 
132	16 
133	5 
134	28 
135	8 
136	25 
137	2 
138	21 
139	8 
140	6 
141	10 
142	9 
143	9 
144	14 
145	24 
146	14 
147	25 
148	4 
149	5 
150	2 
151	10 
152	21 
153	14 
154	7 
155	19 
156	24 
157	6 
158	5 
159	5 
160	26 
161	6 
162	1 
163	4 
164	11 
165	7 
166	20 
167	24 
168	15 
169	5 
170	23 
171	20 
172	20 
173	6 
174	6 
175	9 
176	9 
177	22 
178	13 
179	2 
180	27 
181	22 
182	20 
183	1 
184	16 
185	28 
186	20 
187	19 
188	2 
189	17 
190	3 
191	22 
192	19 
193	6 
194	9 
195	18 
196	29 
197	24 
198	1 
199	27 
200	30 
201	10 
202	6 
203	26 
204	3 
205	27 
206	4 
207	24 
208	24 
209	20 
210	7 
211	11 
212	26 
213	15 
214	27 
215	6 
216	10 
217	4 
218	18 
219	30 
220	23 
221	14 
222	1 
223	30 
224	17 
225	20 
226	22 
227	21 
228	30 
229	18 
230	2 
231	5 
232	17 
233	19 
234	16 
235	11 
236	1 
237	16 
238	3 
239	6 
240	11 
241	19 
242	21 
243	9 
244	30 
245	4 
246	22 
247	28 
248	1 
249	18 
250	16 
251	20 
252	26 
253	8 
254	16 
255	19 
256	20 
257	5 
258	29 
259	25 
260	5 
261	3 
262	30 
263	15 
264	8 
265	30 
266	21 
267	12 
268	2 
269	15 
270	27 
271	9 
272	14 
273	29 
274	23 
275	11 
276	15 
277	5 
278	27 
279	24 
280	27 
281	2 
282	26 
283	11 
284	5 
285	27 
286	15 
287	17 
288	25 
289	10 
290	4 
291	25 
292	16 
293	3 
294	3 
295	14 
296	28 
297	4 
298	9 
299	29 
300	14 
301	28 
302	19 
303	9 
304	15 
305	18 
306	8 
307	29 
308	23 
309	11 
310	27 
311	6 
312	14 
313	1 
314	11 
315	14 
316	16 
317	1 
318	11 
319	15 
320	22 
321	5 
322	18 
323	12 
324	25 
325	1 
326	11 
327	19 
328	5 
329	6 
330	2 
331	2 
332	19 
333	22 
334	30 
335	19 
336	2 
337	16 
338	15 
339	11 
340	10 
341	26 
342	9 
343	19 
344	27 
345	22 
346	17 
347	21 
348	7 
349	16 
350	24 
351	29 
352	13 
353	2 
354	28 
355	25 
356	7 
357	29 
358	14 
359	25 
360	13 
361	9 
362	3 
363	2 
364	28 
365	6 
366	1 
367	2 
368	24 
369	17 
370	2 
371	1 
372	2 
373	17 
374	12 
375	23 
376	7 
377	23 
378	9 
379	5 
380	3 
381	19 
382	14 
383	26 
384	16 
385	18 
386	15 
387	18 
388	24 
389	9 
390	29 
391	7 
392	11 
393	14 
394	5 
395	15 
396	28 
397	13 
398	5 
399	16 
400	6 
401	28 
402	15 
403	10 
404	24 
405	3 
406	5 
407	13 
408	24 
409	22 
410	1 
411	26 
412	21 
413	8 
414	10 
415	19 
416	14 
417	3 
418	25 
419	11 
420	6 
421	22 
422	16 
423	27 
424	30 
425	8 
426	8 
427	25 
428	14 
429	19 
430	23 
431	30 
432	3 
433	23 
434	11 
435	3 
436	6 
437	21 
438	8 
439	16 
440	8 
441	5 
442	20 
443	7 
444	1 
445	7 
446	9 
447	19 
448	18 
449	5 
450	25 
451	28 
452	15 
453	28 
454	14 
455	24 
456	7 
457	17 
458	19 
459	1 
460	20 
461	30 
462	17 
463	12 
464	5 
465	10 
466	7 
467	16 
468	23 
469	17 
470	22 
471	12 
472	27 
473	17 
474	28 
475	24 
476	17 
477	6 
478	19 
479	3 
480	13 
481	28 
482	6 
483	27 
484	16 
485	2 
486	5 
487	7 
488	6 
489	3 
490	9 
491	29 
492	14 
493	22 
494	9 
495	19 
496	16 
497	26 
498	6 
499	21 
500	7 
501	26 
502	22 
503	3 
504	4 
505	7 
506	23 
507	23 
508	3 
509	16 
510	18 
511	9 
512	11 
513	24 
514	18 
515	3 
516	22 
517	21 
518	2 
519	9 
520	8 
521	10 
522	3 
523	26 
524	19 
525	5 
526	18 
527	10 
528	11 
529	21 
530	7 
531	26 
532	2 
533	30 
534	3 
535	26 
536	7 
537	16 
538	20 
539	1 
540	5 
541	7 
542	14 
543	21 
544	2 
545	10 
546	4 
547	22 
548	23 
549	3 
550	30 
551	16 
552	20 
553	1 
554	28 
555	21 
556	7 
557	25 
558	24 
559	9 
560	16 
561	6 
562	16 
563	7 
564	4 
565	12 
566	12 
567	17 
568	12 
569	30 
570	18 
571	15 
572	23 
573	7 
574	25 
575	14 
576	23 
577	18 
578	19 
579	14 
580	29 
581	1 
582	18 
583	19 
584	26 
585	11 
586	26 
587	20 
588	24 
589	17 
590	15 
591	7 
592	9 
593	19 
594	15 
595	23 
596	27 
597	15 
598	2 
599	20 
600	24 
601	19 
602	1 
603	17 
604	13 
605	11 
606	4 
607	20 
608	10 
609	16 
610	9 
611	26 
612	13 
613	18 
614	6 
615	9 
616	8 
617	19 
618	28 
619	19 
620	30 
621	19 
622	1 
623	15 
624	12 
625	17 
626	13 
627	20 
628	16 
629	15 
630	24 
631	5 
632	19 
633	25 
634	26 
635	10 
636	18 
637	12 
638	24 
639	7 
640	5 
641	13 
642	12 
643	8 
644	26 
645	9 
646	21 
647	20 
648	7 
649	24 
650	4 
651	10 
652	11 
653	17 
654	27 
655	28 
656	21 
657	9 
658	3 
659	10 
660	15 
661	16 
662	3 
663	10 
664	30 
665	20 
666	1 
667	7 
668	11 
669	17 
670	6 
671	5 
672	21 
673	6 
674	21 
675	27 
676	20 
677	4 
678	24 
679	7 
680	26 
681	29 
682	12 
683	16 
684	13 
685	15 
686	3 
687	3 
688	9 
689	10 
690	15 
691	6 
692	16 
693	20 
694	21 
695	13 
696	15 
697	28 
698	27 
699	27 
700	20 
701	13 
702	22 
703	4 
704	13 
705	23 
706	4 
707	11 
708	6 
709	21 
710	21 
711	20 
712	11 
713	28 
714	19 
715	8 
716	24 
717	24 
718	17 
719	27 
720	25 
721	27 
722	13 
723	26 
724	15 
725	19 
726	16 
727	14 
728	3 
729	15 
730	14 
731	22 
732	6 
733	23 
734	11 
735	19 
736	17 
737	9 
738	16 
739	5 
740	10 
741	8 
742	7 
743	28 
744	22 
745	2 
746	13 
747	17 
748	12 
749	24 
750	25 
751	6 
752	23 
753	16 
754	5 
755	7 
756	27 
757	8 
758	29 
759	17 
760	17 
761	21 
762	9 
763	20 
764	4 
765	5 
766	22 
767	14 
768	7 
769	3 
770	29 
771	11 
772	6 
773	23 
774	10 
775	29 
776	12 
777	15 
778	1 
779	17 
780	29 
781	16 
782	21 
783	24 
784	23 
785	16 
786	20 
787	16 
788	24 
789	2 
790	23 
791	6 
792	18 
793	28 
794	17 
795	30 
796	8 
797	19 
798	1 
799	18 
800	22 
801	7 
802	17 
803	19 
804	28 
805	13 
806	5 
807	6 
808	10 
809	16 
810	5 
811	23 
812	5 
813	8 
814	21 
815	29 
816	7 
817	8 
818	6 
819	9 
820	5 
821	25 
822	23 
823	6 
824	28 
825	15 
826	6 
827	27 
828	19 
829	5 
830	17 
831	6 
832	21 
833	18 
834	16 
835	24 
836	7 
837	29 
838	30 
839	25 
840	9 
841	6 
842	18 
843	22 
844	29 
845	6 
846	7 
847	15 
848	15 
849	7 
850	9 
851	6 
852	28 
853	29 
854	10 
855	14 
856	25 
857	8 
858	12 
859	5 
860	30 
861	16 
862	30 
863	9 
864	29 
865	10 
866	20 
867	12 
868	15 
869	2 
870	24 
871	19 
872	29 
873	9 
874	28 
875	28 
876	18 
877	14 
878	14 
879	28 
880	6 
881	27 
882	7 
883	6 
884	27 
885	25 
886	19 
887	12 
888	4 
889	22 
890	5 
891	5 
892	27 
893	1 
894	30 
895	27 
896	12 
897	3 
898	26 
899	21 
900	5 
901	8 
902	16 
903	11 
904	20 
905	27 
906	8 
907	23 
908	12 
909	10 
910	20 
911	27 
912	17 
913	9 
914	12 
915	15 
916	6 
917	27 
918	6 
919	22 
920	7 
921	14 
922	24 
923	14 
924	14 
925	27 
926	6 
927	3 
928	6 
929	2 
930	15 
931	21 
932	27 
933	21 
934	5 
935	2 
936	19 
937	24 
938	11 
939	11 
940	30 
941	16 
942	10 
943	5 
944	7 
945	24 
946	7 
947	28 
948	7 
949	5 
950	3 
951	19 
952	22 
953	2 
954	9 
955	5 
956	28 
957	24 
958	16 
959	21 
960	27 
961	7 
962	20 
963	19 
964	9 
965	3 
966	15 
967	20 
968	22 
969	9 
970	22 
971	24 
972	16 
973	15 
974	3 
975	14 
976	5 
977	20 
978	6 
979	19 
980	9 
981	20 
982	24 
983	20 
984	14 
985	3 
986	5 
987	14 
988	9 
989	22 
990	24 
991	5 
992	15 
993	20 
994	20 
995	22 
996	9 
997	24 
998	19 
999	16 
1000	15 
