1	11 
2	21 
3	21 
4	4 
5	17 
6	14 
7	28 
8	7 
9	8 
10	12 
11	9 
12	15 
13	20 
14	9 
15	8 
16	8 
17	17 
18	3 
19	16 
20	11 
21	18 
22	1 
23	19 
24	21 
25	24 
26	29 
27	3 
28	24 
29	16 
30	9 
31	16 
32	24 
33	15 
34	28 
35	28 
36	15 
37	3 
38	21 
39	10 
40	9 
41	24 
42	2 
43	19 
44	19 
45	25 
46	28 
47	27 
48	21 
49	10 
50	9 
51	28 
52	6 
53	10 
54	7 
55	23 
56	17 
57	19 
58	28 
59	11 
60	10 
61	24 
62	7 
63	16 
64	21 
65	8 
66	6 
67	23 
68	17 
69	14 
70	29 
71	9 
72	19 
73	17 
74	26 
75	13 
76	8 
77	8 
78	2 
79	9 
80	12 
81	16 
82	24 
83	8 
84	9 
85	23 
86	21 
87	15 
88	15 
89	9 
90	20 
91	19 
92	28 
93	15 
94	2 
95	16 
96	18 
97	29 
98	22 
99	2 
100	19 
101	28 
102	10 
103	22 
104	8 
105	9 
106	1 
107	18 
108	28 
109	29 
110	19 
111	15 
112	28 
113	6 
114	24 
115	28 
116	19 
117	27 
118	20 
119	21 
120	19 
121	26 
122	20 
123	2 
124	4 
125	12 
126	25 
127	23 
128	22 
129	2 
130	2 
131	14 
132	29 
133	7 
134	17 
135	25 
136	20 
137	20 
138	30 
139	14 
140	19 
141	13 
142	6 
143	26 
144	23 
145	4 
146	12 
147	27 
148	23 
149	14 
150	20 
151	15 
152	9 
153	28 
154	2 
155	19 
156	20 
157	18 
158	14 
159	15 
160	15 
161	18 
162	13 
163	17 
164	27 
165	4 
166	22 
167	28 
168	11 
169	24 
170	17 
171	16 
172	3 
173	6 
174	4 
175	6 
176	12 
177	11 
178	26 
179	23 
180	2 
181	28 
182	2 
183	22 
184	1 
185	15 
186	20 
187	16 
188	12 
189	6 
190	29 
191	7 
192	12 
193	14 
194	2 
195	15 
196	25 
197	8 
198	13 
199	3 
200	22 
201	21 
202	18 
203	8 
204	17 
205	9 
206	12 
207	5 
208	13 
209	8 
210	28 
211	8 
212	17 
213	21 
214	5 
215	17 
216	9 
217	5 
218	24 
219	11 
220	14 
221	9 
222	7 
223	6 
224	6 
225	3 
226	3 
227	26 
228	15 
229	4 
230	26 
231	26 
232	4 
233	3 
234	10 
235	1 
236	25 
237	17 
238	6 
239	3 
240	8 
241	23 
242	14 
243	28 
244	13 
245	18 
246	29 
247	6 
248	22 
249	18 
250	5 
251	6 
252	3 
253	9 
254	7 
255	27 
256	25 
257	11 
258	17 
259	13 
260	22 
261	28 
262	26 
263	30 
264	28 
265	18 
266	18 
267	15 
268	16 
269	12 
270	1 
271	3 
272	6 
273	16 
274	2 
275	22 
276	12 
277	20 
278	9 
279	8 
280	8 
281	3 
282	13 
283	29 
284	30 
285	25 
286	10 
287	8 
288	28 
289	30 
290	9 
291	22 
292	16 
293	28 
294	24 
295	22 
296	15 
297	10 
298	11 
299	21 
300	21 
301	5 
302	10 
303	5 
304	19 
305	11 
306	1 
307	8 
308	1 
309	15 
310	2 
311	26 
312	13 
313	12 
314	12 
315	21 
316	16 
317	17 
318	21 
319	2 
320	9 
321	10 
322	5 
323	3 
324	26 
325	12 
326	8 
327	30 
328	2 
329	21 
330	13 
331	10 
332	18 
333	5 
334	12 
335	25 
336	10 
337	15 
338	7 
339	4 
340	29 
341	8 
342	9 
343	24 
344	9 
345	22 
346	9 
347	18 
348	30 
349	17 
350	23 
351	12 
352	10 
353	21 
354	15 
355	26 
356	1 
357	9 
358	24 
359	25 
360	15 
361	5 
362	26 
363	29 
364	3 
365	15 
366	5 
367	10 
368	17 
369	6 
370	17 
371	6 
372	25 
373	28 
374	26 
375	14 
376	27 
377	17 
378	10 
379	11 
380	11 
381	19 
382	1 
383	22 
384	7 
385	22 
386	5 
387	14 
388	9 
389	17 
390	12 
391	29 
392	1 
393	13 
394	13 
395	6 
396	28 
397	22 
398	2 
399	29 
400	22 
401	23 
402	27 
403	1 
404	26 
405	3 
406	8 
407	9 
408	8 
409	11 
410	12 
411	2 
412	21 
413	29 
414	20 
415	27 
416	17 
417	28 
418	8 
419	16 
420	4 
421	6 
422	17 
423	3 
424	3 
425	22 
426	12 
427	2 
428	8 
429	1 
430	27 
431	15 
432	5 
433	9 
434	10 
435	7 
436	9 
437	23 
438	12 
439	13 
440	21 
441	24 
442	27 
443	11 
444	12 
445	15 
446	8 
447	17 
448	11 
449	22 
450	16 
451	7 
452	17 
453	4 
454	28 
455	9 
456	30 
457	14 
458	29 
459	24 
460	2 
461	3 
462	6 
463	18 
464	23 
465	30 
466	6 
467	7 
468	28 
469	26 
470	12 
471	3 
472	23 
473	5 
474	17 
475	7 
476	11 
477	30 
478	2 
479	13 
480	30 
481	26 
482	5 
483	12 
484	14 
485	21 
486	2 
487	10 
488	4 
489	14 
490	5 
491	12 
492	25 
493	6 
494	10 
495	27 
496	26 
497	28 
498	19 
499	27 
500	8 
501	5 
502	14 
503	20 
504	13 
505	19 
506	17 
507	1 
508	21 
509	17 
510	5 
511	9 
512	2 
513	12 
514	6 
515	8 
516	15 
517	23 
518	17 
519	9 
520	24 
521	16 
522	4 
523	1 
524	26 
525	4 
526	9 
527	30 
528	28 
529	18 
530	9 
531	3 
532	17 
533	13 
534	19 
535	24 
536	29 
537	17 
538	26 
539	26 
540	5 
541	12 
542	3 
543	9 
544	22 
545	10 
546	30 
547	14 
548	18 
549	27 
550	6 
551	26 
552	22 
553	13 
554	9 
555	10 
556	15 
557	15 
558	10 
559	27 
560	6 
561	14 
562	24 
563	14 
564	25 
565	16 
566	30 
567	28 
568	5 
569	22 
570	19 
571	22 
572	29 
573	12 
574	8 
575	11 
576	30 
577	16 
578	10 
579	9 
580	20 
581	11 
582	11 
583	17 
584	20 
585	2 
586	4 
587	9 
588	3 
589	6 
590	13 
591	10 
592	11 
593	30 
594	22 
595	17 
596	12 
597	26 
598	11 
599	30 
600	25 
601	7 
602	28 
603	1 
604	21 
605	15 
606	4 
607	13 
608	15 
609	4 
610	3 
611	21 
612	20 
613	9 
614	3 
615	6 
616	7 
617	22 
618	6 
619	3 
620	28 
621	27 
622	5 
623	23 
624	19 
625	26 
626	11 
627	24 
628	8 
629	6 
630	22 
631	30 
632	17 
633	24 
634	6 
635	8 
636	26 
637	4 
638	27 
639	3 
640	17 
641	28 
642	27 
643	25 
644	2 
645	29 
646	13 
647	2 
648	2 
649	15 
650	27 
651	18 
652	28 
653	2 
654	6 
655	18 
656	25 
657	13 
658	19 
659	20 
660	30 
661	25 
662	8 
663	30 
664	17 
665	21 
666	26 
667	18 
668	3 
669	21 
670	22 
671	13 
672	12 
673	7 
674	2 
675	9 
676	6 
677	10 
678	1 
679	16 
680	8 
681	13 
682	12 
683	7 
684	26 
685	27 
686	22 
687	18 
688	25 
689	25 
690	6 
691	17 
692	15 
693	25 
694	28 
695	5 
696	26 
697	2 
698	2 
699	28 
700	28 
701	8 
702	14 
703	12 
704	15 
705	16 
706	7 
707	22 
708	7 
709	16 
710	22 
711	6 
712	18 
713	27 
714	26 
715	15 
716	22 
717	16 
718	20 
719	1 
720	18 
721	8 
722	29 
723	17 
724	3 
725	23 
726	14 
727	19 
728	18 
729	21 
730	18 
731	28 
732	23 
733	5 
734	26 
735	7 
736	30 
737	9 
738	3 
739	5 
740	7 
741	25 
742	2 
743	6 
744	17 
745	23 
746	13 
747	8 
748	8 
749	25 
750	21 
751	7 
752	19 
753	4 
754	12 
755	6 
756	24 
757	17 
758	10 
759	16 
760	6 
761	2 
762	24 
763	22 
764	27 
765	27 
766	13 
767	1 
768	12 
769	26 
770	1 
771	2 
772	17 
773	18 
774	21 
775	15 
776	13 
777	26 
778	3 
779	3 
780	9 
781	1 
782	4 
783	21 
784	12 
785	4 
786	16 
787	6 
788	22 
789	2 
790	2 
791	13 
792	18 
793	11 
794	18 
795	17 
796	21 
797	13 
798	13 
799	25 
800	21 
801	23 
802	23 
803	20 
804	30 
805	4 
806	15 
807	4 
808	6 
809	14 
810	8 
811	19 
812	16 
813	30 
814	19 
815	17 
816	22 
817	27 
818	19 
819	16 
820	28 
821	23 
822	18 
823	22 
824	30 
825	9 
826	21 
827	29 
828	26 
829	8 
830	28 
831	7 
832	20 
833	29 
834	12 
835	4 
836	5 
837	14 
838	8 
839	21 
840	4 
841	2 
842	8 
843	15 
844	27 
845	26 
846	13 
847	16 
848	26 
849	6 
850	8 
851	22 
852	28 
853	20 
854	19 
855	23 
856	13 
857	5 
858	8 
859	15 
860	29 
861	1 
862	26 
863	8 
864	18 
865	28 
866	25 
867	18 
868	30 
869	9 
870	6 
871	15 
872	26 
873	6 
874	20 
875	8 
876	16 
877	26 
878	15 
879	17 
880	16 
881	5 
882	2 
883	24 
884	27 
885	25 
886	30 
887	1 
888	9 
889	8 
890	17 
891	21 
892	24 
893	17 
894	21 
895	3 
896	6 
897	11 
898	4 
899	28 
900	8 
901	8 
902	4 
903	25 
904	10 
905	10 
906	6 
907	28 
908	16 
909	26 
910	26 
911	22 
912	24 
913	17 
914	5 
915	13 
916	28 
917	5 
918	6 
919	17 
920	6 
921	10 
922	18 
923	19 
924	12 
925	30 
926	22 
927	28 
928	12 
929	11 
930	30 
931	30 
932	15 
933	26 
934	30 
935	18 
936	13 
937	13 
938	17 
939	25 
940	12 
941	9 
942	25 
943	5 
944	10 
945	15 
946	19 
947	8 
948	12 
949	19 
950	22 
951	3 
952	9 
953	22 
954	26 
955	19 
956	6 
957	5 
958	22 
959	18 
960	28 
961	28 
962	9 
963	12 
964	30 
965	17 
966	28 
967	26 
968	13 
969	28 
970	3 
971	28 
972	5 
973	22 
974	15 
975	5 
976	26 
977	30 
978	9 
979	22 
980	26 
981	15 
982	2 
983	12 
984	18 
985	3 
986	22 
987	9 
988	2 
989	17 
990	6 
991	6 
992	8 
993	17 
994	8 
995	9 
996	28 
997	9 
998	22 
999	8 
1000	15 
