1	10 
2	30 
3	14 
4	27 
5	27 
6	17 
7	17 
8	8 
9	1 
10	2 
11	19 
12	28 
13	3 
14	15 
15	22 
16	23 
17	15 
18	2 
19	15 
20	8 
21	3 
22	11 
23	21 
24	20 
25	19 
26	16 
27	18 
28	23 
29	12 
30	17 
31	23 
32	1 
33	29 
34	5 
35	18 
36	4 
37	21 
38	10 
39	25 
40	8 
41	5 
42	9 
43	4 
44	30 
45	26 
46	28 
47	22 
48	11 
49	3 
50	27 
51	25 
52	2 
53	29 
54	30 
55	29 
56	12 
57	8 
58	9 
59	23 
60	16 
61	5 
62	10 
63	23 
64	12 
65	14 
66	12 
67	7 
68	24 
69	18 
70	23 
71	20 
72	6 
73	14 
74	18 
75	13 
76	15 
77	25 
78	18 
79	6 
80	28 
81	3 
82	8 
83	19 
84	5 
85	4 
86	18 
87	22 
88	22 
89	6 
90	12 
91	22 
92	28 
93	27 
94	7 
95	9 
96	13 
97	13 
98	1 
99	27 
100	11 
101	29 
102	12 
103	1 
104	1 
105	19 
106	30 
107	13 
108	11 
109	24 
110	9 
111	5 
112	1 
113	12 
114	23 
115	1 
116	29 
117	21 
118	30 
119	17 
120	26 
121	20 
122	5 
123	7 
124	25 
125	10 
126	7 
127	23 
128	20 
129	26 
130	11 
131	3 
132	24 
133	20 
134	5 
135	7 
136	8 
137	11 
138	8 
139	17 
140	11 
141	27 
142	20 
143	7 
144	29 
145	16 
146	17 
147	9 
148	11 
149	11 
150	25 
151	11 
152	24 
153	15 
154	19 
155	6 
156	1 
157	24 
158	17 
159	12 
160	6 
161	24 
162	12 
163	14 
164	7 
165	1 
166	6 
167	30 
168	14 
169	20 
170	14 
171	3 
172	13 
173	28 
174	7 
175	14 
176	9 
177	25 
178	14 
179	30 
180	1 
181	15 
182	8 
183	15 
184	28 
185	21 
186	25 
187	28 
188	28 
189	6 
190	12 
191	1 
192	1 
193	9 
194	29 
195	25 
196	22 
197	4 
198	20 
199	29 
200	14 
201	29 
202	22 
203	25 
204	11 
205	11 
206	8 
207	2 
208	4 
209	28 
210	26 
211	9 
212	21 
213	3 
214	16 
215	12 
216	28 
217	14 
218	14 
219	13 
220	12 
221	30 
222	14 
223	7 
224	12 
225	5 
226	23 
227	5 
228	28 
229	7 
230	3 
231	8 
232	17 
233	30 
234	28 
235	13 
236	28 
237	25 
238	7 
239	28 
240	14 
241	18 
242	7 
243	1 
244	12 
245	26 
246	18 
247	15 
248	9 
249	12 
250	3 
251	22 
252	11 
253	24 
254	25 
255	20 
256	18 
257	1 
258	25 
259	17 
260	15 
261	7 
262	4 
263	18 
264	17 
265	29 
266	10 
267	27 
268	18 
269	7 
270	19 
271	3 
272	18 
273	14 
274	9 
275	21 
276	1 
277	25 
278	12 
279	15 
280	25 
281	4 
282	30 
283	28 
284	23 
285	24 
286	19 
287	22 
288	1 
289	30 
290	3 
291	27 
292	23 
293	12 
294	27 
295	6 
296	1 
297	21 
298	7 
299	21 
300	25 
301	29 
302	28 
303	2 
304	7 
305	13 
306	10 
307	1 
308	24 
309	30 
310	21 
311	3 
312	20 
313	4 
314	10 
315	19 
316	16 
317	23 
318	2 
319	18 
320	7 
321	1 
322	5 
323	28 
324	29 
325	8 
326	30 
327	27 
328	28 
329	16 
330	19 
331	8 
332	10 
333	26 
334	21 
335	4 
336	5 
337	28 
338	15 
339	11 
340	21 
341	15 
342	21 
343	25 
344	18 
345	28 
346	13 
347	4 
348	15 
349	15 
350	6 
351	12 
352	24 
353	8 
354	12 
355	12 
356	15 
357	20 
358	20 
359	14 
360	18 
361	11 
362	6 
363	18 
364	27 
365	27 
366	5 
367	11 
368	5 
369	9 
370	12 
371	26 
372	29 
373	13 
374	26 
375	21 
376	1 
377	21 
378	12 
379	1 
380	17 
381	15 
382	13 
383	7 
384	24 
385	15 
386	16 
387	19 
388	10 
389	25 
390	9 
391	10 
392	22 
393	25 
394	29 
395	22 
396	16 
397	17 
398	18 
399	8 
400	5 
401	3 
402	13 
403	9 
404	8 
405	22 
406	26 
407	27 
408	23 
409	29 
410	20 
411	13 
412	20 
413	7 
414	5 
415	20 
416	29 
417	1 
418	18 
419	18 
420	14 
421	27 
422	29 
423	17 
424	30 
425	26 
426	28 
427	21 
428	2 
429	30 
430	3 
431	4 
432	17 
433	28 
434	25 
435	1 
436	9 
437	29 
438	4 
439	9 
440	22 
441	12 
442	30 
443	22 
444	27 
445	26 
446	12 
447	26 
448	14 
449	7 
450	4 
451	9 
452	18 
453	15 
454	16 
455	14 
456	5 
457	18 
458	30 
459	27 
460	24 
461	7 
462	1 
463	11 
464	27 
465	20 
466	10 
467	10 
468	24 
469	11 
470	30 
471	18 
472	29 
473	17 
474	14 
475	24 
476	1 
477	20 
478	6 
479	12 
480	12 
481	19 
482	24 
483	16 
484	29 
485	19 
486	5 
487	6 
488	22 
489	11 
490	29 
491	9 
492	8 
493	14 
494	6 
495	25 
496	10 
497	27 
498	14 
499	4 
500	26 
501	24 
502	27 
503	9 
504	8 
505	29 
506	5 
507	20 
508	16 
509	14 
510	18 
511	20 
512	28 
513	21 
514	25 
515	29 
516	12 
517	14 
518	29 
519	21 
520	26 
521	22 
522	22 
523	14 
524	23 
525	10 
526	11 
527	8 
528	7 
529	22 
530	17 
531	4 
532	25 
533	9 
534	7 
535	18 
536	12 
537	24 
538	2 
539	18 
540	8 
541	26 
542	4 
543	17 
544	26 
545	15 
546	27 
547	12 
548	22 
549	3 
550	3 
551	16 
552	11 
553	20 
554	25 
555	29 
556	28 
557	16 
558	5 
559	8 
560	28 
561	21 
562	29 
563	9 
564	23 
565	17 
566	1 
567	3 
568	5 
569	14 
570	12 
571	18 
572	30 
573	2 
574	17 
575	1 
576	19 
577	18 
578	26 
579	19 
580	26 
581	16 
582	4 
583	26 
584	11 
585	3 
586	30 
587	7 
588	30 
589	6 
590	30 
591	15 
592	27 
593	21 
594	6 
595	17 
596	30 
597	7 
598	28 
599	23 
600	23 
601	5 
602	5 
603	22 
604	13 
605	1 
606	18 
607	8 
608	26 
609	6 
610	8 
611	26 
612	13 
613	29 
614	15 
615	10 
616	12 
617	11 
618	17 
619	16 
620	17 
621	15 
622	3 
623	27 
624	22 
625	10 
626	23 
627	13 
628	16 
629	4 
630	5 
631	5 
632	29 
633	24 
634	5 
635	13 
636	16 
637	5 
638	8 
639	16 
640	24 
641	15 
642	3 
643	7 
644	5 
645	14 
646	27 
647	22 
648	5 
649	24 
650	17 
651	5 
652	8 
653	15 
654	1 
655	6 
656	14 
657	4 
658	15 
659	20 
660	23 
661	19 
662	25 
663	2 
664	4 
665	11 
666	5 
667	2 
668	22 
669	7 
670	13 
671	17 
672	11 
673	19 
674	1 
675	24 
676	22 
677	20 
678	22 
679	24 
680	21 
681	8 
682	7 
683	12 
684	30 
685	15 
686	2 
687	3 
688	12 
689	20 
690	13 
691	5 
692	19 
693	13 
694	21 
695	6 
696	1 
697	2 
698	28 
699	24 
700	15 
701	19 
702	28 
703	23 
704	21 
705	16 
706	7 
707	27 
708	29 
709	30 
710	6 
711	30 
712	29 
713	8 
714	27 
715	28 
716	5 
717	15 
718	24 
719	19 
720	7 
721	28 
722	3 
723	2 
724	7 
725	16 
726	1 
727	2 
728	27 
729	7 
730	27 
731	9 
732	24 
733	27 
734	1 
735	26 
736	18 
737	26 
738	9 
739	19 
740	27 
741	22 
742	1 
743	15 
744	22 
745	24 
746	11 
747	10 
748	27 
749	29 
750	22 
751	22 
752	30 
753	1 
754	18 
755	18 
756	24 
757	26 
758	6 
759	28 
760	28 
761	19 
762	3 
763	24 
764	21 
765	2 
766	30 
767	29 
768	16 
769	30 
770	10 
771	19 
772	15 
773	3 
774	3 
775	1 
776	26 
777	25 
778	23 
779	25 
780	24 
781	14 
782	14 
783	16 
784	22 
785	25 
786	17 
787	8 
788	14 
789	7 
790	8 
791	28 
792	10 
793	21 
794	27 
795	5 
796	22 
797	12 
798	9 
799	1 
800	7 
801	21 
802	26 
803	25 
804	25 
805	4 
806	17 
807	12 
808	6 
809	21 
810	27 
811	8 
812	9 
813	24 
814	2 
815	26 
816	22 
817	18 
818	11 
819	2 
820	2 
821	16 
822	10 
823	9 
824	9 
825	3 
826	22 
827	1 
828	9 
829	2 
830	25 
831	23 
832	29 
833	17 
834	21 
835	15 
836	30 
837	6 
838	26 
839	4 
840	23 
841	14 
842	8 
843	15 
844	2 
845	9 
846	24 
847	9 
848	18 
849	3 
850	14 
851	22 
852	10 
853	13 
854	8 
855	25 
856	30 
857	29 
858	7 
859	28 
860	19 
861	19 
862	12 
863	2 
864	19 
865	19 
866	24 
867	27 
868	11 
869	30 
870	27 
871	11 
872	29 
873	9 
874	8 
875	11 
876	18 
877	18 
878	28 
879	26 
880	24 
881	21 
882	30 
883	14 
884	25 
885	5 
886	7 
887	26 
888	24 
889	18 
890	29 
891	17 
892	17 
893	29 
894	8 
895	17 
896	30 
897	9 
898	5 
899	11 
900	27 
901	14 
902	3 
903	8 
904	9 
905	17 
906	12 
907	24 
908	28 
909	7 
910	7 
911	28 
912	18 
913	26 
914	5 
915	8 
916	24 
917	26 
918	30 
919	14 
920	12 
921	25 
922	3 
923	30 
924	15 
925	22 
926	3 
927	9 
928	8 
929	8 
930	28 
931	15 
932	9 
933	1 
934	29 
935	8 
936	8 
937	8 
938	9 
939	14 
940	8 
941	7 
942	25 
943	5 
944	26 
945	5 
946	18 
947	28 
948	24 
949	15 
950	18 
951	22 
952	30 
953	8 
954	9 
955	15 
956	5 
957	27 
958	29 
959	15 
960	25 
961	7 
962	22 
963	24 
964	29 
965	7 
966	1 
967	12 
968	8 
969	8 
970	5 
971	9 
972	15 
973	18 
974	9 
975	18 
976	22 
977	15 
978	24 
979	18 
980	15 
981	24 
982	24 
983	7 
984	18 
985	5 
986	18 
987	24 
988	7 
989	29 
990	1 
991	24 
992	29 
993	8 
994	24 
995	8 
996	8 
997	29 
998	8 
999	18 
1000	29 
