1	13 
2	22 
3	17 
4	14 
5	8 
6	22 
7	20 
8	17 
9	13 
10	20 
11	1 
12	7 
13	16 
14	6 
15	25 
16	22 
17	15 
18	18 
19	29 
20	19 
21	6 
22	13 
23	14 
24	12 
25	6 
26	4 
27	4 
28	23 
29	24 
30	22 
31	16 
32	30 
33	27 
34	7 
35	3 
36	8 
37	18 
38	3 
39	28 
40	19 
41	7 
42	15 
43	4 
44	5 
45	20 
46	4 
47	20 
48	14 
49	30 
50	11 
51	21 
52	23 
53	4 
54	4 
55	9 
56	29 
57	2 
58	6 
59	4 
60	26 
61	27 
62	23 
63	5 
64	29 
65	16 
66	9 
67	8 
68	23 
69	24 
70	17 
71	24 
72	19 
73	14 
74	1 
75	20 
76	13 
77	2 
78	10 
79	21 
80	1 
81	19 
82	27 
83	26 
84	27 
85	16 
86	15 
87	9 
88	13 
89	11 
90	6 
91	20 
92	25 
93	20 
94	2 
95	20 
96	15 
97	1 
98	23 
99	14 
100	16 
101	30 
102	26 
103	18 
104	23 
105	22 
106	17 
107	22 
108	18 
109	11 
110	14 
111	14 
112	27 
113	21 
114	1 
115	23 
116	8 
117	19 
118	16 
119	20 
120	21 
121	23 
122	24 
123	24 
124	4 
125	22 
126	19 
127	26 
128	19 
129	30 
130	27 
131	29 
132	3 
133	29 
134	26 
135	25 
136	13 
137	20 
138	16 
139	13 
140	1 
141	14 
142	28 
143	26 
144	11 
145	20 
146	10 
147	17 
148	12 
149	30 
150	3 
151	11 
152	9 
153	17 
154	22 
155	21 
156	22 
157	1 
158	10 
159	24 
160	25 
161	17 
162	20 
163	29 
164	9 
165	24 
166	13 
167	30 
168	2 
169	5 
170	11 
171	12 
172	28 
173	5 
174	8 
175	13 
176	8 
177	22 
178	20 
179	7 
180	20 
181	13 
182	1 
183	19 
184	16 
185	5 
186	21 
187	7 
188	11 
189	23 
190	23 
191	16 
192	25 
193	13 
194	24 
195	4 
196	3 
197	23 
198	9 
199	2 
200	4 
201	9 
202	13 
203	7 
204	18 
205	9 
206	5 
207	23 
208	3 
209	11 
210	7 
211	18 
212	28 
213	30 
214	25 
215	29 
216	3 
217	29 
218	26 
219	4 
220	11 
221	8 
222	23 
223	15 
224	1 
225	10 
226	2 
227	18 
228	7 
229	29 
230	21 
231	15 
232	9 
233	7 
234	8 
235	26 
236	13 
237	12 
238	6 
239	21 
240	22 
241	19 
242	8 
243	25 
244	5 
245	19 
246	5 
247	10 
248	5 
249	25 
250	30 
251	1 
252	13 
253	21 
254	4 
255	24 
256	26 
257	9 
258	6 
259	12 
260	18 
261	5 
262	10 
263	8 
264	17 
265	21 
266	11 
267	16 
268	1 
269	14 
270	1 
271	19 
272	1 
273	25 
274	8 
275	4 
276	2 
277	21 
278	24 
279	30 
280	30 
281	28 
282	9 
283	25 
284	28 
285	19 
286	14 
287	8 
288	19 
289	18 
290	12 
291	2 
292	16 
293	10 
294	15 
295	28 
296	30 
297	6 
298	23 
299	15 
300	20 
301	26 
302	13 
303	18 
304	7 
305	5 
306	23 
307	26 
308	23 
309	1 
310	19 
311	3 
312	28 
313	12 
314	9 
315	29 
316	27 
317	26 
318	29 
319	1 
320	6 
321	16 
322	13 
323	22 
324	8 
325	15 
326	29 
327	18 
328	2 
329	15 
330	28 
331	25 
332	3 
333	18 
334	9 
335	18 
336	15 
337	20 
338	23 
339	20 
340	18 
341	3 
342	11 
343	11 
344	3 
345	21 
346	8 
347	13 
348	2 
349	25 
350	28 
351	30 
352	17 
353	13 
354	13 
355	22 
356	17 
357	15 
358	23 
359	24 
360	9 
361	29 
362	12 
363	9 
364	28 
365	20 
366	30 
367	2 
368	14 
369	6 
370	23 
371	21 
372	28 
373	2 
374	2 
375	12 
376	11 
377	27 
378	22 
379	17 
380	16 
381	22 
382	16 
383	23 
384	30 
385	6 
386	29 
387	2 
388	24 
389	20 
390	7 
391	27 
392	22 
393	23 
394	4 
395	19 
396	26 
397	20 
398	30 
399	9 
400	4 
401	3 
402	30 
403	4 
404	7 
405	7 
406	13 
407	3 
408	29 
409	2 
410	27 
411	2 
412	6 
413	14 
414	4 
415	27 
416	8 
417	3 
418	18 
419	22 
420	2 
421	22 
422	22 
423	14 
424	1 
425	20 
426	1 
427	3 
428	4 
429	30 
430	2 
431	23 
432	2 
433	24 
434	8 
435	12 
436	13 
437	14 
438	9 
439	13 
440	10 
441	24 
442	26 
443	6 
444	12 
445	23 
446	10 
447	3 
448	11 
449	2 
450	29 
451	21 
452	18 
453	23 
454	2 
455	27 
456	2 
457	5 
458	25 
459	13 
460	14 
461	4 
462	15 
463	20 
464	10 
465	26 
466	7 
467	25 
468	2 
469	5 
470	18 
471	26 
472	13 
473	29 
474	20 
475	26 
476	7 
477	19 
478	14 
479	23 
480	28 
481	15 
482	2 
483	22 
484	25 
485	27 
486	16 
487	14 
488	8 
489	30 
490	27 
491	24 
492	2 
493	21 
494	23 
495	1 
496	14 
497	4 
498	15 
499	5 
500	16 
501	22 
502	26 
503	23 
504	5 
505	3 
506	3 
507	17 
508	9 
509	24 
510	30 
511	5 
512	26 
513	19 
514	2 
515	22 
516	2 
517	6 
518	2 
519	1 
520	30 
521	22 
522	13 
523	29 
524	30 
525	25 
526	23 
527	18 
528	20 
529	6 
530	3 
531	25 
532	1 
533	12 
534	8 
535	29 
536	20 
537	24 
538	1 
539	24 
540	7 
541	28 
542	21 
543	4 
544	11 
545	19 
546	16 
547	13 
548	10 
549	11 
550	27 
551	27 
552	7 
553	3 
554	18 
555	20 
556	17 
557	9 
558	23 
559	19 
560	29 
561	28 
562	19 
563	24 
564	12 
565	20 
566	2 
567	29 
568	5 
569	20 
570	9 
571	14 
572	18 
573	6 
574	18 
575	4 
576	7 
577	2 
578	8 
579	8 
580	25 
581	24 
582	1 
583	27 
584	28 
585	26 
586	2 
587	16 
588	9 
589	17 
590	6 
591	6 
592	2 
593	2 
594	2 
595	10 
596	6 
597	11 
598	30 
599	20 
600	1 
601	30 
602	25 
603	19 
604	15 
605	17 
606	12 
607	19 
608	1 
609	8 
610	9 
611	13 
612	4 
613	28 
614	16 
615	3 
616	25 
617	21 
618	26 
619	20 
620	15 
621	26 
622	21 
623	17 
624	4 
625	21 
626	15 
627	11 
628	24 
629	11 
630	2 
631	22 
632	11 
633	13 
634	8 
635	6 
636	8 
637	29 
638	18 
639	14 
640	16 
641	17 
642	13 
643	7 
644	6 
645	11 
646	7 
647	20 
648	26 
649	7 
650	28 
651	10 
652	5 
653	29 
654	3 
655	24 
656	22 
657	8 
658	29 
659	10 
660	30 
661	28 
662	9 
663	2 
664	11 
665	22 
666	26 
667	10 
668	26 
669	6 
670	17 
671	19 
672	10 
673	30 
674	21 
675	22 
676	7 
677	26 
678	3 
679	26 
680	4 
681	15 
682	27 
683	13 
684	24 
685	2 
686	11 
687	30 
688	22 
689	24 
690	14 
691	13 
692	12 
693	11 
694	27 
695	20 
696	17 
697	14 
698	12 
699	21 
700	26 
701	28 
702	2 
703	5 
704	5 
705	18 
706	6 
707	1 
708	13 
709	11 
710	22 
711	18 
712	4 
713	22 
714	19 
715	25 
716	30 
717	24 
718	24 
719	12 
720	11 
721	1 
722	28 
723	14 
724	30 
725	8 
726	13 
727	9 
728	20 
729	12 
730	5 
731	2 
732	26 
733	13 
734	20 
735	19 
736	11 
737	3 
738	13 
739	30 
740	24 
741	19 
742	29 
743	16 
744	5 
745	29 
746	13 
747	18 
748	13 
749	21 
750	11 
751	21 
752	18 
753	26 
754	28 
755	24 
756	21 
757	3 
758	10 
759	21 
760	22 
761	25 
762	17 
763	7 
764	29 
765	2 
766	11 
767	12 
768	1 
769	18 
770	22 
771	30 
772	25 
773	11 
774	23 
775	17 
776	19 
777	11 
778	3 
779	19 
780	25 
781	11 
782	7 
783	14 
784	17 
785	14 
786	15 
787	12 
788	27 
789	14 
790	13 
791	7 
792	10 
793	10 
794	19 
795	22 
796	22 
797	22 
798	4 
799	14 
800	22 
801	23 
802	10 
803	26 
804	5 
805	5 
806	13 
807	25 
808	23 
809	10 
810	19 
811	15 
812	3 
813	24 
814	27 
815	18 
816	18 
817	21 
818	13 
819	14 
820	27 
821	19 
822	16 
823	3 
824	14 
825	1 
826	20 
827	21 
828	17 
829	30 
830	8 
831	5 
832	15 
833	2 
834	14 
835	23 
836	27 
837	7 
838	14 
839	21 
840	21 
841	11 
842	11 
843	4 
844	17 
845	21 
846	6 
847	4 
848	1 
849	3 
850	18 
851	11 
852	1 
853	25 
854	19 
855	4 
856	19 
857	23 
858	29 
859	6 
860	25 
861	14 
862	11 
863	8 
864	4 
865	9 
866	1 
867	11 
868	26 
869	7 
870	3 
871	29 
872	25 
873	29 
874	6 
875	1 
876	23 
877	4 
878	8 
879	5 
880	25 
881	13 
882	2 
883	24 
884	23 
885	7 
886	11 
887	2 
888	24 
889	22 
890	29 
891	3 
892	14 
893	1 
894	1 
895	22 
896	7 
897	29 
898	4 
899	29 
900	30 
901	22 
902	20 
903	11 
904	8 
905	29 
906	7 
907	30 
908	20 
909	3 
910	26 
911	30 
912	11 
913	1 
914	11 
915	21 
916	23 
917	2 
918	25 
919	3 
920	3 
921	22 
922	4 
923	7 
924	14 
925	30 
926	1 
927	11 
928	1 
929	1 
930	3 
931	22 
932	24 
933	22 
934	26 
935	22 
936	14 
937	20 
938	26 
939	4 
940	19 
941	30 
942	4 
943	2 
944	14 
945	30 
946	13 
947	20 
948	14 
949	11 
950	22 
951	29 
952	11 
953	26 
954	22 
955	14 
956	4 
957	19 
958	26 
959	1 
960	19 
961	19 
962	22 
963	13 
964	26 
965	1 
966	30 
967	13 
968	19 
969	19 
970	4 
971	4 
972	1 
973	22 
974	11 
975	19 
976	11 
977	2 
978	11 
979	2 
980	19 
981	13 
982	2 
983	19 
984	4 
985	4 
986	13 
987	13 
988	2 
989	4 
990	1 
991	1 
992	4 
993	1 
994	4 
995	13 
996	1 
997	11 
998	1 
999	1 
1000	1 
