1	30 
2	26 
3	12 
4	17 
5	24 
6	26 
7	1 
8	13 
9	20 
10	13 
11	17 
12	21 
13	12 
14	28 
15	11 
16	10 
17	25 
18	29 
19	15 
20	29 
21	23 
22	8 
23	8 
24	4 
25	2 
26	23 
27	22 
28	3 
29	7 
30	9 
31	30 
32	8 
33	24 
34	27 
35	3 
36	5 
37	26 
38	11 
39	1 
40	3 
41	26 
42	12 
43	20 
44	16 
45	28 
46	21 
47	10 
48	24 
49	6 
50	10 
51	25 
52	21 
53	10 
54	6 
55	2 
56	10 
57	12 
58	21 
59	13 
60	26 
61	8 
62	10 
63	18 
64	20 
65	2 
66	16 
67	26 
68	17 
69	7 
70	9 
71	19 
72	16 
73	4 
74	6 
75	20 
76	23 
77	29 
78	12 
79	1 
80	16 
81	3 
82	8 
83	12 
84	7 
85	19 
86	29 
87	7 
88	20 
89	22 
90	17 
91	23 
92	15 
93	24 
94	8 
95	23 
96	4 
97	16 
98	10 
99	9 
100	9 
101	1 
102	15 
103	21 
104	12 
105	27 
106	9 
107	26 
108	13 
109	6 
110	19 
111	11 
112	20 
113	15 
114	21 
115	22 
116	7 
117	18 
118	22 
119	18 
120	17 
121	10 
122	18 
123	14 
124	7 
125	8 
126	2 
127	28 
128	14 
129	18 
130	27 
131	12 
132	23 
133	18 
134	1 
135	4 
136	24 
137	21 
138	23 
139	15 
140	4 
141	22 
142	29 
143	18 
144	4 
145	16 
146	14 
147	5 
148	7 
149	24 
150	30 
151	2 
152	14 
153	22 
154	2 
155	20 
156	1 
157	26 
158	1 
159	28 
160	4 
161	25 
162	8 
163	29 
164	8 
165	26 
166	14 
167	2 
168	8 
169	16 
170	9 
171	26 
172	27 
173	3 
174	8 
175	4 
176	22 
177	7 
178	9 
179	25 
180	4 
181	28 
182	6 
183	29 
184	13 
185	11 
186	20 
187	17 
188	17 
189	23 
190	12 
191	15 
192	26 
193	18 
194	18 
195	21 
196	5 
197	7 
198	17 
199	10 
200	12 
201	26 
202	28 
203	24 
204	28 
205	7 
206	19 
207	6 
208	1 
209	17 
210	28 
211	20 
212	9 
213	9 
214	23 
215	27 
216	30 
217	15 
218	17 
219	24 
220	16 
221	3 
222	5 
223	23 
224	3 
225	9 
226	6 
227	2 
228	13 
229	16 
230	26 
231	24 
232	1 
233	25 
234	18 
235	22 
236	4 
237	5 
238	30 
239	15 
240	27 
241	13 
242	11 
243	12 
244	18 
245	1 
246	17 
247	1 
248	12 
249	30 
250	16 
251	17 
252	30 
253	9 
254	25 
255	4 
256	25 
257	29 
258	13 
259	22 
260	25 
261	29 
262	20 
263	5 
264	23 
265	3 
266	13 
267	29 
268	27 
269	24 
270	8 
271	6 
272	23 
273	8 
274	6 
275	9 
276	6 
277	18 
278	23 
279	5 
280	22 
281	16 
282	12 
283	19 
284	24 
285	5 
286	11 
287	15 
288	18 
289	19 
290	28 
291	30 
292	23 
293	18 
294	4 
295	17 
296	1 
297	23 
298	9 
299	6 
300	10 
301	20 
302	14 
303	1 
304	30 
305	14 
306	18 
307	12 
308	21 
309	6 
310	23 
311	7 
312	23 
313	12 
314	11 
315	29 
316	6 
317	17 
318	30 
319	9 
320	28 
321	30 
322	9 
323	29 
324	9 
325	12 
326	2 
327	14 
328	12 
329	13 
330	23 
331	14 
332	15 
333	25 
334	23 
335	24 
336	7 
337	16 
338	17 
339	3 
340	5 
341	1 
342	25 
343	25 
344	24 
345	14 
346	9 
347	29 
348	21 
349	25 
350	30 
351	21 
352	18 
353	30 
354	29 
355	7 
356	29 
357	27 
358	12 
359	3 
360	26 
361	30 
362	8 
363	15 
364	10 
365	24 
366	11 
367	11 
368	1 
369	21 
370	14 
371	25 
372	11 
373	1 
374	16 
375	27 
376	20 
377	22 
378	4 
379	11 
380	7 
381	7 
382	4 
383	9 
384	13 
385	27 
386	30 
387	15 
388	9 
389	28 
390	15 
391	9 
392	16 
393	13 
394	5 
395	3 
396	28 
397	26 
398	9 
399	24 
400	9 
401	14 
402	7 
403	15 
404	18 
405	17 
406	25 
407	28 
408	7 
409	29 
410	27 
411	1 
412	10 
413	21 
414	14 
415	5 
416	17 
417	30 
418	19 
419	24 
420	21 
421	3 
422	17 
423	15 
424	16 
425	10 
426	21 
427	17 
428	27 
429	29 
430	3 
431	16 
432	21 
433	23 
434	22 
435	29 
436	12 
437	1 
438	3 
439	17 
440	5 
441	28 
442	22 
443	16 
444	24 
445	24 
446	2 
447	1 
448	11 
449	5 
450	27 
451	23 
452	25 
453	21 
454	3 
455	7 
456	16 
457	16 
458	28 
459	12 
460	20 
461	15 
462	1 
463	1 
464	12 
465	18 
466	18 
467	21 
468	3 
469	25 
470	4 
471	9 
472	23 
473	17 
474	8 
475	19 
476	8 
477	28 
478	16 
479	6 
480	23 
481	17 
482	29 
483	30 
484	25 
485	4 
486	24 
487	3 
488	18 
489	17 
490	29 
491	24 
492	9 
493	28 
494	7 
495	23 
496	9 
497	7 
498	28 
499	22 
500	13 
501	18 
502	25 
503	26 
504	23 
505	20 
506	4 
507	16 
508	8 
509	16 
510	13 
511	15 
512	18 
513	28 
514	17 
515	8 
516	29 
517	23 
518	28 
519	1 
520	7 
521	8 
522	12 
523	10 
524	8 
525	26 
526	11 
527	17 
528	1 
529	9 
530	18 
531	5 
532	15 
533	15 
534	6 
535	28 
536	5 
537	21 
538	12 
539	8 
540	2 
541	3 
542	14 
543	4 
544	9 
545	3 
546	25 
547	26 
548	30 
549	3 
550	3 
551	11 
552	21 
553	6 
554	7 
555	19 
556	25 
557	9 
558	27 
559	5 
560	5 
561	30 
562	25 
563	14 
564	3 
565	16 
566	5 
567	21 
568	14 
569	8 
570	27 
571	5 
572	6 
573	19 
574	18 
575	12 
576	13 
577	23 
578	10 
579	25 
580	25 
581	15 
582	28 
583	22 
584	25 
585	6 
586	19 
587	3 
588	8 
589	11 
590	3 
591	16 
592	8 
593	22 
594	3 
595	6 
596	23 
597	30 
598	3 
599	7 
600	4 
601	6 
602	13 
603	11 
604	28 
605	29 
606	24 
607	4 
608	2 
609	23 
610	1 
611	11 
612	9 
613	21 
614	25 
615	16 
616	13 
617	19 
618	4 
619	17 
620	16 
621	2 
622	19 
623	15 
624	21 
625	12 
626	19 
627	2 
628	23 
629	17 
630	4 
631	17 
632	24 
633	8 
634	23 
635	6 
636	28 
637	20 
638	26 
639	24 
640	5 
641	27 
642	6 
643	9 
644	23 
645	19 
646	1 
647	23 
648	20 
649	14 
650	17 
651	17 
652	9 
653	5 
654	25 
655	10 
656	6 
657	4 
658	21 
659	29 
660	16 
661	12 
662	8 
663	14 
664	12 
665	2 
666	23 
667	20 
668	1 
669	12 
670	12 
671	3 
672	22 
673	28 
674	9 
675	29 
676	24 
677	12 
678	13 
679	3 
680	27 
681	3 
682	29 
683	12 
684	24 
685	17 
686	28 
687	28 
688	25 
689	23 
690	3 
691	6 
692	20 
693	13 
694	18 
695	18 
696	17 
697	18 
698	13 
699	26 
700	28 
701	9 
702	15 
703	10 
704	21 
705	6 
706	21 
707	12 
708	12 
709	4 
710	29 
711	16 
712	14 
713	12 
714	21 
715	3 
716	22 
717	23 
718	22 
719	8 
720	3 
721	17 
722	15 
723	17 
724	7 
725	8 
726	11 
727	23 
728	29 
729	30 
730	2 
731	13 
732	22 
733	13 
734	29 
735	28 
736	8 
737	4 
738	19 
739	12 
740	27 
741	8 
742	3 
743	21 
744	5 
745	14 
746	12 
747	15 
748	22 
749	8 
750	10 
751	27 
752	5 
753	2 
754	15 
755	9 
756	2 
757	27 
758	7 
759	17 
760	15 
761	7 
762	22 
763	11 
764	20 
765	15 
766	29 
767	9 
768	19 
769	23 
770	24 
771	17 
772	17 
773	15 
774	9 
775	28 
776	12 
777	26 
778	12 
779	10 
780	28 
781	12 
782	28 
783	14 
784	30 
785	1 
786	12 
787	4 
788	4 
789	25 
790	14 
791	26 
792	23 
793	10 
794	2 
795	2 
796	4 
797	3 
798	8 
799	19 
800	4 
801	4 
802	30 
803	12 
804	25 
805	9 
806	28 
807	19 
808	18 
809	5 
810	25 
811	15 
812	18 
813	6 
814	20 
815	1 
816	29 
817	4 
818	19 
819	29 
820	19 
821	5 
822	28 
823	22 
824	2 
825	9 
826	11 
827	20 
828	3 
829	10 
830	1 
831	9 
832	11 
833	4 
834	11 
835	5 
836	1 
837	28 
838	29 
839	9 
840	17 
841	28 
842	21 
843	8 
844	16 
845	23 
846	23 
847	3 
848	29 
849	20 
850	21 
851	10 
852	26 
853	1 
854	9 
855	11 
856	22 
857	14 
858	11 
859	24 
860	28 
861	10 
862	24 
863	27 
864	4 
865	1 
866	13 
867	14 
868	1 
869	20 
870	2 
871	17 
872	18 
873	30 
874	7 
875	3 
876	24 
877	22 
878	13 
879	11 
880	25 
881	25 
882	6 
883	7 
884	1 
885	20 
886	4 
887	17 
888	28 
889	6 
890	23 
891	21 
892	29 
893	17 
894	14 
895	23 
896	14 
897	1 
898	5 
899	25 
900	20 
901	18 
902	1 
903	14 
904	3 
905	30 
906	1 
907	20 
908	23 
909	18 
910	18 
911	12 
912	5 
913	1 
914	5 
915	23 
916	28 
917	12 
918	1 
919	12 
920	28 
921	3 
922	8 
923	14 
924	28 
925	4 
926	20 
927	21 
928	15 
929	17 
930	12 
931	14 
932	16 
933	14 
934	14 
935	4 
936	6 
937	20 
938	28 
939	9 
940	4 
941	21 
942	8 
943	9 
944	20 
945	15 
946	15 
947	29 
948	4 
949	24 
950	8 
951	15 
952	3 
953	3 
954	24 
955	24 
956	9 
957	21 
958	1 
959	25 
960	14 
961	23 
962	18 
963	29 
964	28 
965	17 
966	15 
967	14 
968	29 
969	17 
970	3 
971	17 
972	18 
973	9 
974	14 
975	28 
976	25 
977	4 
978	28 
979	1 
980	17 
981	9 
982	15 
983	4 
984	23 
985	25 
986	12 
987	23 
988	9 
989	29 
990	12 
991	25 
992	23 
993	4 
994	17 
995	9 
996	12 
997	12 
998	3 
999	3 
1000	28 
