1	23 
2	20 
3	14 
4	12 
5	19 
6	4 
7	12 
8	19 
9	26 
10	9 
11	23 
12	19 
13	12 
14	12 
15	23 
16	13 
17	10 
18	19 
19	5 
20	23 
21	17 
22	9 
23	29 
24	17 
25	29 
26	16 
27	22 
28	7 
29	23 
30	23 
31	25 
32	9 
33	9 
34	24 
35	24 
36	13 
37	1 
38	2 
39	27 
40	22 
41	9 
42	2 
43	18 
44	2 
45	18 
46	10 
47	24 
48	13 
49	15 
50	12 
51	11 
52	12 
53	4 
54	8 
55	29 
56	8 
57	6 
58	12 
59	23 
60	17 
61	20 
62	23 
63	9 
64	1 
65	18 
66	29 
67	5 
68	2 
69	21 
70	6 
71	22 
72	18 
73	16 
74	27 
75	11 
76	5 
77	4 
78	16 
79	2 
80	2 
81	24 
82	18 
83	28 
84	18 
85	2 
86	11 
87	23 
88	24 
89	3 
90	3 
91	13 
92	24 
93	1 
94	13 
95	15 
96	7 
97	26 
98	17 
99	12 
100	20 
101	21 
102	6 
103	5 
104	6 
105	25 
106	9 
107	2 
108	25 
109	15 
110	9 
111	26 
112	21 
113	9 
114	7 
115	24 
116	26 
117	11 
118	8 
119	15 
120	7 
121	22 
122	10 
123	7 
124	12 
125	6 
126	20 
127	9 
128	16 
129	13 
130	9 
131	26 
132	25 
133	10 
134	12 
135	12 
136	25 
137	22 
138	12 
139	20 
140	20 
141	7 
142	12 
143	7 
144	12 
145	17 
146	12 
147	12 
148	4 
149	7 
150	4 
151	13 
152	20 
153	6 
154	21 
155	16 
156	23 
157	17 
158	19 
159	5 
160	8 
161	17 
162	10 
163	20 
164	21 
165	12 
166	2 
167	15 
168	9 
169	25 
170	12 
171	9 
172	4 
173	23 
174	17 
175	6 
176	3 
177	27 
178	26 
179	7 
180	23 
181	12 
182	29 
183	23 
184	28 
185	6 
186	15 
187	28 
188	7 
189	8 
190	15 
191	4 
192	20 
193	13 
194	28 
195	6 
196	12 
197	12 
198	4 
199	2 
200	4 
201	13 
202	27 
203	11 
204	10 
205	12 
206	5 
207	2 
208	11 
209	5 
210	7 
211	1 
212	8 
213	27 
214	7 
215	6 
216	26 
217	3 
218	26 
219	6 
220	13 
221	3 
222	29 
223	25 
224	13 
225	15 
226	16 
227	29 
228	1 
229	21 
230	13 
231	28 
232	17 
233	16 
234	28 
235	29 
236	12 
237	23 
238	7 
239	15 
240	23 
241	8 
242	23 
243	18 
244	22 
245	5 
246	26 
247	10 
248	26 
249	12 
250	28 
251	1 
252	26 
253	28 
254	23 
255	12 
256	23 
257	8 
258	2 
259	27 
260	10 
261	18 
262	23 
263	3 
264	2 
265	22 
266	17 
267	5 
268	12 
269	11 
270	23 
271	21 
272	28 
273	26 
274	3 
275	10 
276	27 
277	6 
278	21 
279	2 
280	23 
281	13 
282	23 
283	3 
284	14 
285	12 
286	23 
287	5 
288	7 
289	17 
290	5 
291	25 
292	27 
293	23 
294	28 
295	4 
296	2 
297	25 
298	12 
299	20 
300	29 
301	14 
302	9 
303	7 
304	6 
305	4 
306	3 
307	10 
308	20 
309	8 
310	29 
311	7 
312	21 
313	22 
314	12 
315	27 
316	29 
317	19 
318	25 
319	7 
320	1 
321	2 
322	10 
323	8 
324	25 
325	24 
326	4 
327	8 
328	28 
329	10 
330	4 
331	9 
332	25 
333	8 
334	27 
335	3 
336	3 
337	20 
338	2 
339	29 
340	4 
341	18 
342	14 
343	12 
344	18 
345	18 
346	12 
347	15 
348	25 
349	25 
350	13 
351	6 
352	4 
353	7 
354	23 
355	17 
356	23 
357	19 
358	2 
359	21 
360	9 
361	14 
362	17 
363	27 
364	9 
365	10 
366	6 
367	29 
368	14 
369	7 
370	1 
371	18 
372	6 
373	20 
374	6 
375	14 
376	1 
377	2 
378	24 
379	24 
380	2 
381	10 
382	24 
383	13 
384	2 
385	26 
386	11 
387	3 
388	13 
389	3 
390	7 
391	28 
392	23 
393	13 
394	20 
395	13 
396	19 
397	29 
398	11 
399	29 
400	22 
401	22 
402	6 
403	22 
404	22 
405	7 
406	23 
407	28 
408	25 
409	8 
410	18 
411	14 
412	25 
413	2 
414	20 
415	12 
416	12 
417	5 
418	27 
419	24 
420	4 
421	28 
422	22 
423	6 
424	1 
425	23 
426	2 
427	13 
428	28 
429	10 
430	8 
431	17 
432	7 
433	28 
434	22 
435	4 
436	6 
437	29 
438	13 
439	11 
440	21 
441	1 
442	4 
443	26 
444	14 
445	20 
446	2 
447	20 
448	20 
449	26 
450	12 
451	20 
452	20 
453	13 
454	6 
455	14 
456	11 
457	17 
458	9 
459	26 
460	9 
461	19 
462	17 
463	20 
464	18 
465	10 
466	9 
467	8 
468	23 
469	26 
470	26 
471	12 
472	26 
473	29 
474	29 
475	13 
476	17 
477	20 
478	17 
479	14 
480	8 
481	25 
482	5 
483	21 
484	4 
485	18 
486	28 
487	11 
488	2 
489	21 
490	10 
491	26 
492	26 
493	23 
494	29 
495	1 
496	12 
497	12 
498	29 
499	4 
500	23 
501	28 
502	16 
503	29 
504	24 
505	28 
506	15 
507	10 
508	24 
509	3 
510	18 
511	22 
512	15 
513	10 
514	3 
515	10 
516	27 
517	1 
518	26 
519	9 
520	26 
521	13 
522	15 
523	26 
524	13 
525	18 
526	4 
527	11 
528	16 
529	28 
530	13 
531	8 
532	23 
533	22 
534	24 
535	24 
536	25 
537	26 
538	25 
539	20 
540	26 
541	21 
542	6 
543	11 
544	27 
545	12 
546	4 
547	12 
548	2 
549	22 
550	6 
551	17 
552	9 
553	18 
554	16 
555	29 
556	4 
557	12 
558	8 
559	21 
560	11 
561	7 
562	17 
563	21 
564	10 
565	25 
566	24 
567	19 
568	14 
569	25 
570	28 
571	12 
572	15 
573	26 
574	13 
575	2 
576	26 
577	10 
578	12 
579	9 
580	25 
581	3 
582	22 
583	23 
584	12 
585	7 
586	6 
587	16 
588	15 
589	22 
590	12 
591	28 
592	9 
593	9 
594	28 
595	25 
596	21 
597	1 
598	4 
599	16 
600	1 
601	11 
602	15 
603	24 
604	12 
605	26 
606	18 
607	1 
608	6 
609	22 
610	25 
611	27 
612	10 
613	14 
614	5 
615	23 
616	17 
617	13 
618	25 
619	1 
620	25 
621	29 
622	12 
623	28 
624	26 
625	27 
626	14 
627	23 
628	16 
629	8 
630	21 
631	23 
632	18 
633	19 
634	16 
635	9 
636	3 
637	29 
638	6 
639	25 
640	21 
641	22 
642	25 
643	1 
644	21 
645	29 
646	20 
647	9 
648	20 
649	26 
650	6 
651	19 
652	15 
653	3 
654	11 
655	21 
656	16 
657	23 
658	27 
659	26 
660	5 
661	14 
662	7 
663	3 
664	17 
665	6 
666	25 
667	2 
668	19 
669	3 
670	11 
671	21 
672	2 
673	13 
674	4 
675	21 
676	20 
677	14 
678	10 
679	7 
680	3 
681	26 
682	19 
683	12 
684	10 
685	25 
686	25 
687	8 
688	22 
689	22 
690	29 
691	21 
692	19 
693	18 
694	24 
695	7 
696	8 
697	10 
698	24 
699	6 
700	12 
701	29 
702	24 
703	18 
704	1 
705	21 
706	25 
707	2 
708	28 
709	1 
710	28 
711	19 
712	28 
713	13 
714	14 
715	18 
716	7 
717	18 
718	17 
719	18 
720	25 
721	11 
722	27 
723	20 
724	5 
725	4 
726	9 
727	28 
728	25 
729	1 
730	13 
731	16 
732	26 
733	4 
734	10 
735	28 
736	29 
737	26 
738	2 
739	26 
740	23 
741	13 
742	3 
743	5 
744	23 
745	8 
746	4 
747	12 
748	14 
749	23 
750	2 
751	21 
752	7 
753	26 
754	26 
755	16 
756	4 
757	1 
758	2 
759	15 
760	18 
761	24 
762	19 
763	13 
764	8 
765	28 
766	29 
767	4 
768	19 
769	22 
770	7 
771	6 
772	4 
773	1 
774	6 
775	2 
776	27 
777	6 
778	18 
779	18 
780	15 
781	6 
782	20 
783	20 
784	15 
785	26 
786	15 
787	13 
788	7 
789	10 
790	7 
791	11 
792	7 
793	15 
794	28 
795	23 
796	19 
797	2 
798	22 
799	2 
800	14 
801	14 
802	8 
803	27 
804	2 
805	7 
806	2 
807	26 
808	17 
809	13 
810	7 
811	19 
812	12 
813	11 
814	20 
815	24 
816	26 
817	10 
818	3 
819	21 
820	12 
821	9 
822	25 
823	5 
824	2 
825	25 
826	27 
827	23 
828	18 
829	19 
830	22 
831	17 
832	21 
833	13 
834	5 
835	18 
836	12 
837	9 
838	10 
839	15 
840	19 
841	17 
842	19 
843	18 
844	10 
845	26 
846	15 
847	5 
848	19 
849	7 
850	29 
851	8 
852	11 
853	12 
854	16 
855	7 
856	22 
857	22 
858	21 
859	21 
860	4 
861	13 
862	11 
863	9 
864	16 
865	10 
866	5 
867	23 
868	10 
869	13 
870	16 
871	26 
872	26 
873	2 
874	18 
875	14 
876	12 
877	18 
878	4 
879	9 
880	24 
881	16 
882	18 
883	5 
884	18 
885	16 
886	11 
887	3 
888	12 
889	26 
890	1 
891	26 
892	8 
893	28 
894	6 
895	9 
896	10 
897	26 
898	5 
899	21 
900	19 
901	1 
902	29 
903	8 
904	7 
905	27 
906	22 
907	10 
908	4 
909	25 
910	29 
911	23 
912	28 
913	23 
914	19 
915	13 
916	15 
917	27 
918	1 
919	15 
920	20 
921	1 
922	18 
923	15 
924	21 
925	22 
926	10 
927	24 
928	23 
929	17 
930	7 
931	29 
932	28 
933	18 
934	18 
935	28 
936	15 
937	18 
938	17 
939	1 
940	18 
941	2 
942	22 
943	23 
944	19 
945	2 
946	23 
947	8 
948	7 
949	19 
950	26 
951	12 
952	10 
953	2 
954	22 
955	23 
956	2 
957	6 
958	19 
959	19 
960	4 
961	22 
962	6 
963	29 
964	13 
965	4 
966	19 
967	13 
968	9 
969	13 
970	2 
971	26 
972	13 
973	13 
974	21 
975	18 
976	26 
977	13 
978	29 
979	21 
980	13 
981	7 
982	28 
983	2 
984	2 
985	18 
986	25 
987	21 
988	25 
989	7 
990	9 
991	4 
992	21 
993	13 
994	4 
995	4 
996	22 
997	18 
998	22 
999	4 
1000	4 
