1	19 
2	24 
3	7 
4	13 
5	13 
6	12 
7	6 
8	9 
9	15 
10	1 
11	19 
12	23 
13	11 
14	9 
15	16 
16	11 
17	27 
18	7 
19	25 
20	6 
21	1 
22	9 
23	9 
24	16 
25	1 
26	12 
27	13 
28	15 
29	28 
30	13 
31	23 
32	24 
33	16 
34	8 
35	23 
36	29 
37	4 
38	15 
39	3 
40	5 
41	1 
42	8 
43	10 
44	4 
45	13 
46	20 
47	27 
48	20 
49	16 
50	6 
51	5 
52	22 
53	23 
54	29 
55	22 
56	7 
57	5 
58	28 
59	5 
60	25 
61	16 
62	15 
63	1 
64	18 
65	23 
66	2 
67	9 
68	19 
69	22 
70	19 
71	12 
72	2 
73	27 
74	22 
75	18 
76	20 
77	23 
78	30 
79	25 
80	11 
81	23 
82	27 
83	28 
84	20 
85	6 
86	21 
87	8 
88	17 
89	14 
90	26 
91	3 
92	23 
93	30 
94	28 
95	20 
96	22 
97	4 
98	10 
99	18 
100	22 
101	27 
102	14 
103	11 
104	5 
105	15 
106	4 
107	26 
108	27 
109	29 
110	9 
111	18 
112	22 
113	3 
114	24 
115	29 
116	27 
117	11 
118	14 
119	5 
120	3 
121	24 
122	23 
123	7 
124	22 
125	4 
126	18 
127	8 
128	26 
129	26 
130	20 
131	7 
132	25 
133	2 
134	16 
135	1 
136	1 
137	18 
138	17 
139	25 
140	17 
141	24 
142	13 
143	1 
144	16 
145	8 
146	1 
147	19 
148	23 
149	17 
150	20 
151	2 
152	7 
153	20 
154	27 
155	10 
156	25 
157	19 
158	17 
159	3 
160	8 
161	22 
162	12 
163	30 
164	24 
165	24 
166	6 
167	13 
168	14 
169	21 
170	11 
171	20 
172	3 
173	3 
174	30 
175	10 
176	7 
177	13 
178	11 
179	16 
180	26 
181	17 
182	12 
183	25 
184	30 
185	24 
186	1 
187	19 
188	11 
189	30 
190	19 
191	26 
192	24 
193	29 
194	7 
195	6 
196	27 
197	20 
198	11 
199	19 
200	4 
201	3 
202	13 
203	7 
204	13 
205	11 
206	15 
207	16 
208	21 
209	6 
210	3 
211	20 
212	13 
213	4 
214	13 
215	1 
216	20 
217	22 
218	28 
219	7 
220	25 
221	16 
222	5 
223	12 
224	19 
225	17 
226	26 
227	15 
228	14 
229	30 
230	1 
231	9 
232	11 
233	22 
234	2 
235	2 
236	11 
237	21 
238	19 
239	3 
240	12 
241	24 
242	20 
243	20 
244	14 
245	14 
246	15 
247	29 
248	25 
249	26 
250	12 
251	6 
252	28 
253	7 
254	29 
255	21 
256	16 
257	19 
258	18 
259	13 
260	3 
261	7 
262	14 
263	12 
264	12 
265	10 
266	23 
267	24 
268	11 
269	7 
270	16 
271	6 
272	19 
273	18 
274	27 
275	26 
276	21 
277	30 
278	22 
279	24 
280	24 
281	13 
282	7 
283	26 
284	24 
285	11 
286	18 
287	28 
288	28 
289	5 
290	24 
291	17 
292	11 
293	13 
294	18 
295	15 
296	14 
297	17 
298	14 
299	21 
300	9 
301	28 
302	11 
303	30 
304	19 
305	20 
306	12 
307	10 
308	24 
309	29 
310	8 
311	11 
312	10 
313	18 
314	8 
315	14 
316	7 
317	14 
318	4 
319	2 
320	8 
321	20 
322	1 
323	8 
324	10 
325	24 
326	29 
327	24 
328	5 
329	6 
330	23 
331	1 
332	20 
333	27 
334	19 
335	28 
336	14 
337	1 
338	8 
339	13 
340	25 
341	19 
342	22 
343	6 
344	2 
345	10 
346	10 
347	20 
348	30 
349	19 
350	6 
351	17 
352	14 
353	5 
354	24 
355	4 
356	26 
357	24 
358	6 
359	30 
360	6 
361	19 
362	28 
363	27 
364	14 
365	29 
366	30 
367	27 
368	8 
369	4 
370	20 
371	29 
372	26 
373	26 
374	21 
375	2 
376	12 
377	14 
378	21 
379	20 
380	21 
381	9 
382	3 
383	25 
384	15 
385	4 
386	30 
387	29 
388	24 
389	10 
390	16 
391	10 
392	14 
393	3 
394	20 
395	17 
396	28 
397	11 
398	25 
399	24 
400	29 
401	2 
402	23 
403	20 
404	14 
405	8 
406	4 
407	21 
408	15 
409	30 
410	9 
411	17 
412	3 
413	20 
414	2 
415	6 
416	24 
417	15 
418	16 
419	9 
420	29 
421	7 
422	14 
423	22 
424	1 
425	7 
426	2 
427	8 
428	3 
429	27 
430	29 
431	4 
432	7 
433	15 
434	29 
435	26 
436	6 
437	11 
438	14 
439	19 
440	27 
441	19 
442	3 
443	14 
444	17 
445	30 
446	11 
447	12 
448	30 
449	13 
450	13 
451	16 
452	30 
453	14 
454	7 
455	19 
456	10 
457	22 
458	7 
459	20 
460	18 
461	13 
462	5 
463	14 
464	27 
465	14 
466	22 
467	6 
468	9 
469	17 
470	21 
471	5 
472	16 
473	6 
474	7 
475	21 
476	16 
477	19 
478	22 
479	1 
480	3 
481	21 
482	1 
483	11 
484	3 
485	30 
486	17 
487	18 
488	13 
489	23 
490	2 
491	29 
492	19 
493	13 
494	20 
495	23 
496	9 
497	12 
498	4 
499	23 
500	21 
501	4 
502	18 
503	7 
504	23 
505	3 
506	3 
507	3 
508	21 
509	10 
510	22 
511	28 
512	20 
513	18 
514	11 
515	2 
516	22 
517	2 
518	4 
519	30 
520	1 
521	19 
522	30 
523	7 
524	2 
525	5 
526	10 
527	20 
528	27 
529	7 
530	7 
531	20 
532	27 
533	30 
534	27 
535	15 
536	22 
537	1 
538	10 
539	27 
540	29 
541	8 
542	10 
543	12 
544	7 
545	2 
546	11 
547	24 
548	24 
549	5 
550	23 
551	20 
552	18 
553	27 
554	8 
555	14 
556	17 
557	14 
558	11 
559	6 
560	18 
561	11 
562	23 
563	21 
564	4 
565	25 
566	4 
567	1 
568	15 
569	2 
570	25 
571	6 
572	30 
573	24 
574	25 
575	23 
576	29 
577	28 
578	1 
579	28 
580	29 
581	14 
582	24 
583	29 
584	22 
585	20 
586	17 
587	20 
588	24 
589	22 
590	14 
591	30 
592	14 
593	23 
594	29 
595	14 
596	20 
597	3 
598	18 
599	22 
600	22 
601	20 
602	22 
603	20 
604	4 
605	25 
606	21 
607	3 
608	16 
609	11 
610	4 
611	24 
612	2 
613	11 
614	15 
615	22 
616	20 
617	28 
618	21 
619	22 
620	7 
621	24 
622	26 
623	12 
624	24 
625	25 
626	5 
627	14 
628	7 
629	16 
630	9 
631	29 
632	9 
633	4 
634	6 
635	27 
636	4 
637	8 
638	1 
639	28 
640	1 
641	6 
642	1 
643	15 
644	19 
645	23 
646	28 
647	19 
648	8 
649	14 
650	2 
651	17 
652	9 
653	13 
654	9 
655	10 
656	11 
657	7 
658	5 
659	10 
660	10 
661	23 
662	11 
663	16 
664	15 
665	20 
666	18 
667	21 
668	9 
669	10 
670	16 
671	5 
672	25 
673	1 
674	4 
675	12 
676	21 
677	7 
678	1 
679	24 
680	27 
681	11 
682	13 
683	12 
684	30 
685	26 
686	19 
687	22 
688	2 
689	27 
690	6 
691	1 
692	29 
693	2 
694	14 
695	21 
696	20 
697	3 
698	6 
699	22 
700	24 
701	19 
702	13 
703	6 
704	30 
705	15 
706	19 
707	17 
708	29 
709	7 
710	17 
711	12 
712	16 
713	6 
714	17 
715	8 
716	22 
717	24 
718	12 
719	7 
720	21 
721	26 
722	6 
723	20 
724	16 
725	12 
726	9 
727	24 
728	18 
729	17 
730	12 
731	29 
732	23 
733	3 
734	9 
735	10 
736	27 
737	28 
738	11 
739	4 
740	7 
741	4 
742	16 
743	14 
744	25 
745	11 
746	5 
747	1 
748	29 
749	22 
750	10 
751	24 
752	14 
753	21 
754	26 
755	6 
756	21 
757	15 
758	6 
759	5 
760	12 
761	10 
762	23 
763	1 
764	28 
765	29 
766	23 
767	20 
768	27 
769	7 
770	24 
771	24 
772	28 
773	20 
774	15 
775	21 
776	28 
777	18 
778	11 
779	14 
780	24 
781	14 
782	12 
783	12 
784	26 
785	4 
786	23 
787	5 
788	11 
789	10 
790	13 
791	5 
792	22 
793	3 
794	15 
795	29 
796	12 
797	26 
798	24 
799	21 
800	10 
801	3 
802	15 
803	3 
804	7 
805	14 
806	10 
807	29 
808	12 
809	28 
810	11 
811	10 
812	13 
813	8 
814	10 
815	25 
816	26 
817	12 
818	19 
819	1 
820	20 
821	21 
822	11 
823	27 
824	16 
825	26 
826	24 
827	1 
828	15 
829	10 
830	27 
831	5 
832	13 
833	14 
834	9 
835	20 
836	27 
837	8 
838	8 
839	28 
840	3 
841	3 
842	3 
843	3 
844	1 
845	21 
846	9 
847	4 
848	27 
849	14 
850	1 
851	4 
852	17 
853	13 
854	11 
855	8 
856	17 
857	3 
858	7 
859	6 
860	8 
861	1 
862	22 
863	21 
864	13 
865	15 
866	14 
867	12 
868	16 
869	15 
870	10 
871	7 
872	8 
873	21 
874	27 
875	14 
876	6 
877	24 
878	2 
879	11 
880	12 
881	24 
882	21 
883	23 
884	1 
885	3 
886	8 
887	7 
888	21 
889	13 
890	17 
891	12 
892	3 
893	1 
894	6 
895	2 
896	2 
897	1 
898	2 
899	27 
900	6 
901	1 
902	1 
903	20 
904	14 
905	10 
906	24 
907	10 
908	13 
909	20 
910	12 
911	14 
912	20 
913	8 
914	21 
915	6 
916	11 
917	21 
918	19 
919	7 
920	4 
921	1 
922	10 
923	11 
924	11 
925	6 
926	10 
927	24 
928	4 
929	11 
930	7 
931	11 
932	19 
933	19 
934	12 
935	6 
936	24 
937	29 
938	13 
939	6 
940	20 
941	21 
942	22 
943	10 
944	19 
945	29 
946	27 
947	6 
948	19 
949	29 
950	29 
951	20 
952	10 
953	21 
954	7 
955	10 
956	12 
957	12 
958	12 
959	10 
960	27 
961	27 
962	22 
963	7 
964	10 
965	1 
966	7 
967	21 
968	24 
969	3 
970	21 
971	22 
972	6 
973	24 
974	6 
975	11 
976	1 
977	22 
978	12 
979	1 
980	24 
981	14 
982	10 
983	21 
984	21 
985	24 
986	14 
987	20 
988	7 
989	7 
990	6 
991	14 
992	6 
993	14 
994	14 
995	10 
996	21 
997	20 
998	14 
999	6 
1000	20 
