1	13 
2	28 
3	17 
4	21 
5	30 
6	31 
7	10 
8	18 
9	22 
10	20 
11	5 
12	30 
13	19 
14	6 
15	7 
16	30 
17	20 
18	13 
19	14 
20	6 
21	4 
22	31 
23	12 
24	23 
25	23 
26	9 
27	13 
28	8 
29	20 
30	20 
31	2 
32	22 
33	14 
34	7 
35	19 
36	9 
37	16 
38	14 
39	31 
40	11 
41	15 
42	9 
43	18 
44	15 
45	13 
46	10 
47	1 
48	12 
49	18 
50	11 
51	12 
52	18 
53	18 
54	10 
55	27 
56	6 
57	21 
58	4 
59	25 
60	20 
61	25 
62	8 
63	13 
64	27 
65	25 
66	5 
67	4 
68	5 
69	2 
70	2 
71	30 
72	19 
73	23 
74	19 
75	1 
76	3 
77	26 
78	5 
79	19 
80	25 
81	9 
82	14 
83	25 
84	16 
85	30 
86	14 
87	19 
88	13 
89	22 
90	3 
91	3 
92	29 
93	8 
94	26 
95	7 
96	26 
97	13 
98	29 
99	2 
100	25 
101	19 
102	22 
103	19 
104	17 
105	19 
106	5 
107	11 
108	26 
109	2 
110	24 
111	13 
112	6 
113	29 
114	28 
115	4 
116	10 
117	18 
118	27 
119	17 
120	31 
121	18 
122	15 
123	5 
124	27 
125	24 
126	29 
127	13 
128	20 
129	30 
130	16 
131	10 
132	30 
133	26 
134	16 
135	17 
136	5 
137	25 
138	30 
139	24 
140	11 
141	18 
142	2 
143	31 
144	30 
145	25 
146	18 
147	19 
148	14 
149	25 
150	22 
151	6 
152	24 
153	2 
154	28 
155	15 
156	19 
157	29 
158	4 
159	14 
160	25 
161	8 
162	20 
163	4 
164	31 
165	29 
166	24 
167	27 
168	28 
169	30 
170	13 
171	26 
172	8 
173	11 
174	12 
175	11 
176	24 
177	25 
178	30 
179	12 
180	3 
181	16 
182	30 
183	28 
184	2 
185	15 
186	28 
187	9 
188	12 
189	29 
190	20 
191	21 
192	9 
193	25 
194	30 
195	6 
196	27 
197	24 
198	4 
199	5 
200	24 
201	27 
202	1 
203	18 
204	21 
205	29 
206	9 
207	3 
208	15 
209	21 
210	24 
211	18 
212	13 
213	5 
214	10 
215	21 
216	6 
217	5 
218	22 
219	29 
220	10 
221	1 
222	7 
223	23 
224	18 
225	23 
226	22 
227	14 
228	12 
229	21 
230	3 
231	5 
232	31 
233	8 
234	13 
235	17 
236	19 
237	16 
238	10 
239	21 
240	9 
241	23 
242	4 
243	5 
244	1 
245	13 
246	19 
247	30 
248	7 
249	28 
250	14 
251	26 
252	16 
253	31 
254	7 
255	22 
256	6 
257	7 
258	6 
259	8 
260	1 
261	8 
262	26 
263	16 
264	26 
265	9 
266	9 
267	31 
268	19 
269	6 
270	29 
271	20 
272	12 
273	30 
274	10 
275	31 
276	14 
277	28 
278	15 
279	29 
280	28 
281	4 
282	6 
283	4 
284	16 
285	14 
286	19 
287	9 
288	28 
289	25 
290	7 
291	1 
292	31 
293	5 
294	26 
295	4 
296	23 
297	9 
298	24 
299	26 
300	9 
301	14 
302	26 
303	31 
304	24 
305	2 
306	24 
307	31 
308	27 
309	31 
310	6 
311	13 
312	1 
313	5 
314	7 
315	1 
316	18 
317	13 
318	22 
319	16 
320	23 
321	29 
322	23 
323	18 
324	3 
325	27 
326	1 
327	29 
328	18 
329	18 
330	12 
331	3 
332	13 
333	15 
334	26 
335	22 
336	4 
337	28 
338	29 
339	7 
340	29 
341	22 
342	2 
343	13 
344	10 
345	13 
346	30 
347	25 
348	29 
349	29 
350	23 
351	30 
352	23 
353	15 
354	29 
355	17 
356	3 
357	16 
358	27 
359	1 
360	29 
361	27 
362	12 
363	4 
364	5 
365	10 
366	1 
367	12 
368	30 
369	7 
370	4 
371	18 
372	18 
373	21 
374	25 
375	2 
376	12 
377	2 
378	29 
379	6 
380	7 
381	11 
382	15 
383	12 
384	12 
385	18 
386	5 
387	30 
388	30 
389	14 
390	5 
391	7 
392	10 
393	5 
394	20 
395	8 
396	29 
397	28 
398	22 
399	16 
400	21 
401	2 
402	4 
403	26 
404	22 
405	12 
406	1 
407	18 
408	16 
409	2 
410	29 
411	2 
412	4 
413	10 
414	7 
415	1 
416	8 
417	9 
418	19 
419	12 
420	15 
421	12 
422	20 
423	10 
424	6 
425	26 
426	21 
427	13 
428	7 
429	15 
430	1 
431	30 
432	16 
433	14 
434	20 
435	25 
436	31 
437	5 
438	18 
439	13 
440	26 
441	31 
442	10 
443	7 
444	26 
445	25 
446	1 
447	18 
448	4 
449	19 
450	3 
451	17 
452	5 
453	6 
454	29 
455	19 
456	25 
457	18 
458	4 
459	23 
460	28 
461	12 
462	7 
463	16 
464	14 
465	29 
466	22 
467	11 
468	12 
469	10 
470	2 
471	4 
472	31 
473	12 
474	30 
475	24 
476	12 
477	26 
478	11 
479	19 
480	5 
481	11 
482	12 
483	25 
484	22 
485	5 
486	5 
487	6 
488	9 
489	30 
490	5 
491	10 
492	31 
493	20 
494	1 
495	30 
496	31 
497	16 
498	2 
499	25 
500	18 
501	12 
502	31 
503	8 
504	28 
505	18 
506	13 
507	29 
508	26 
509	9 
510	16 
511	31 
512	1 
513	20 
514	24 
515	25 
516	3 
517	24 
518	26 
519	7 
520	20 
521	11 
522	20 
523	20 
524	29 
525	31 
526	22 
527	18 
528	23 
529	1 
530	8 
531	15 
532	7 
533	7 
534	18 
535	28 
536	28 
537	31 
538	24 
539	13 
540	13 
541	19 
542	17 
543	18 
544	22 
545	14 
546	10 
547	27 
548	15 
549	26 
550	12 
551	18 
552	3 
553	15 
554	26 
555	12 
556	2 
557	3 
558	15 
559	24 
560	20 
561	19 
562	31 
563	30 
564	24 
565	22 
566	19 
567	22 
568	18 
569	8 
570	5 
571	13 
572	23 
573	29 
574	14 
575	20 
576	10 
577	29 
578	31 
579	13 
580	29 
581	13 
582	23 
583	11 
584	13 
585	24 
586	31 
587	20 
588	14 
589	20 
590	30 
591	27 
592	4 
593	28 
594	18 
595	14 
596	3 
597	12 
598	13 
599	10 
600	12 
601	15 
602	12 
603	26 
604	28 
605	26 
606	17 
607	11 
608	13 
609	17 
610	22 
611	14 
612	31 
613	8 
614	29 
615	19 
616	31 
617	18 
618	26 
619	26 
620	30 
621	18 
622	23 
623	31 
624	28 
625	13 
626	26 
627	22 
628	28 
629	11 
630	19 
631	27 
632	10 
633	9 
634	3 
635	17 
636	21 
637	18 
638	27 
639	23 
640	22 
641	22 
642	29 
643	10 
644	4 
645	10 
646	25 
647	17 
648	28 
649	8 
650	17 
651	28 
652	23 
653	22 
654	26 
655	1 
656	13 
657	6 
658	29 
659	31 
660	23 
661	18 
662	7 
663	26 
664	20 
665	12 
666	15 
667	2 
668	9 
669	27 
670	19 
671	15 
672	19 
673	26 
674	3 
675	18 
676	16 
677	1 
678	3 
679	19 
680	15 
681	17 
682	9 
683	12 
684	16 
685	22 
686	26 
687	13 
688	13 
689	16 
690	12 
691	10 
692	14 
693	5 
694	9 
695	26 
696	27 
697	24 
698	22 
699	19 
700	2 
701	25 
702	31 
703	12 
704	16 
705	13 
706	3 
707	13 
708	13 
709	8 
710	12 
711	7 
712	16 
713	26 
714	30 
715	10 
716	12 
717	17 
718	29 
719	28 
720	17 
721	2 
722	2 
723	29 
724	13 
725	5 
726	25 
727	27 
728	11 
729	30 
730	7 
731	25 
732	10 
733	23 
734	14 
735	5 
736	12 
737	8 
738	7 
739	23 
740	21 
741	3 
742	23 
743	19 
744	28 
745	17 
746	21 
747	28 
748	2 
749	13 
750	15 
751	16 
752	1 
753	6 
754	31 
755	13 
756	21 
757	10 
758	28 
759	4 
760	16 
761	23 
762	20 
763	31 
764	8 
765	21 
766	31 
767	13 
768	12 
769	12 
770	21 
771	25 
772	30 
773	11 
774	21 
775	6 
776	26 
777	29 
778	13 
779	25 
780	3 
781	4 
782	11 
783	25 
784	21 
785	7 
786	11 
787	4 
788	24 
789	3 
790	30 
791	31 
792	17 
793	27 
794	2 
795	11 
796	14 
797	12 
798	29 
799	5 
800	22 
801	20 
802	12 
803	25 
804	24 
805	18 
806	9 
807	3 
808	6 
809	4 
810	29 
811	27 
812	4 
813	15 
814	26 
815	8 
816	29 
817	23 
818	23 
819	14 
820	17 
821	20 
822	14 
823	6 
824	11 
825	1 
826	14 
827	25 
828	15 
829	5 
830	4 
831	16 
832	10 
833	22 
834	25 
835	27 
836	16 
837	4 
838	3 
839	23 
840	17 
841	17 
842	29 
843	28 
844	10 
845	31 
846	4 
847	5 
848	16 
849	18 
850	19 
851	29 
852	12 
853	22 
854	14 
855	28 
856	28 
857	2 
858	18 
859	21 
860	1 
861	31 
862	26 
863	21 
864	28 
865	21 
866	3 
867	9 
868	21 
869	26 
870	7 
871	7 
872	29 
873	23 
874	9 
875	8 
876	3 
877	13 
878	10 
879	24 
880	2 
881	31 
882	6 
883	12 
884	17 
885	13 
886	14 
887	26 
888	26 
889	8 
890	15 
891	18 
892	25 
893	31 
894	1 
895	18 
896	15 
897	5 
898	3 
899	27 
900	16 
901	7 
902	4 
903	11 
904	9 
905	6 
906	27 
907	25 
908	24 
909	9 
910	30 
911	24 
912	22 
913	26 
914	13 
915	24 
916	17 
917	13 
918	24 
919	20 
920	24 
921	14 
922	1 
923	26 
924	17 
925	31 
926	11 
927	27 
928	30 
929	9 
930	31 
931	24 
932	30 
933	26 
934	13 
935	2 
936	13 
937	18 
938	26 
939	14 
940	12 
941	23 
942	23 
943	20 
944	27 
945	18 
946	26 
947	17 
948	30 
949	7 
950	14 
951	4 
952	14 
953	29 
954	7 
955	1 
956	22 
957	25 
958	3 
959	7 
960	18 
961	25 
962	19 
963	10 
964	10 
965	10 
966	30 
967	10 
968	30 
969	18 
970	29 
971	25 
972	10 
973	7 
974	22 
975	20 
976	29 
977	3 
978	3 
979	13 
980	19 
981	23 
982	18 
983	18 
984	28 
985	18 
986	31 
987	25 
988	7 
989	7 
990	26 
991	13 
992	18 
993	18 
994	12 
995	7 
996	29 
997	5 
998	7 
999	25 
1000	5 
