1	1 
2	10 
3	23 
4	27 
5	2 
6	14 
7	6 
8	26 
9	22 
10	23 
11	21 
12	19 
13	23 
14	18 
15	25 
16	9 
17	5 
18	9 
19	30 
20	5 
21	3 
22	28 
23	10 
24	28 
25	10 
26	24 
27	20 
28	16 
29	12 
30	28 
31	11 
32	30 
33	29 
34	28 
35	31 
36	15 
37	12 
38	28 
39	19 
40	21 
41	3 
42	10 
43	13 
44	7 
45	10 
46	16 
47	21 
48	27 
49	19 
50	27 
51	1 
52	9 
53	11 
54	25 
55	21 
56	14 
57	2 
58	28 
59	3 
60	19 
61	8 
62	16 
63	19 
64	16 
65	20 
66	12 
67	5 
68	9 
69	28 
70	25 
71	7 
72	27 
73	27 
74	26 
75	23 
76	26 
77	13 
78	25 
79	21 
80	6 
81	22 
82	28 
83	26 
84	30 
85	27 
86	14 
87	28 
88	29 
89	26 
90	11 
91	21 
92	15 
93	29 
94	27 
95	2 
96	9 
97	28 
98	17 
99	6 
100	23 
101	22 
102	29 
103	13 
104	4 
105	9 
106	30 
107	23 
108	24 
109	31 
110	21 
111	5 
112	21 
113	6 
114	19 
115	13 
116	1 
117	1 
118	26 
119	17 
120	15 
121	26 
122	8 
123	21 
124	28 
125	22 
126	1 
127	13 
128	11 
129	14 
130	29 
131	9 
132	9 
133	7 
134	13 
135	21 
136	28 
137	8 
138	1 
139	29 
140	4 
141	20 
142	12 
143	24 
144	8 
145	22 
146	9 
147	11 
148	4 
149	12 
150	9 
151	10 
152	15 
153	6 
154	31 
155	27 
156	15 
157	31 
158	29 
159	5 
160	20 
161	2 
162	18 
163	4 
164	27 
165	13 
166	19 
167	28 
168	26 
169	31 
170	4 
171	21 
172	13 
173	30 
174	13 
175	6 
176	16 
177	15 
178	30 
179	27 
180	23 
181	21 
182	14 
183	3 
184	4 
185	12 
186	18 
187	3 
188	24 
189	12 
190	14 
191	16 
192	6 
193	7 
194	15 
195	15 
196	26 
197	7 
198	5 
199	6 
200	6 
201	9 
202	18 
203	17 
204	23 
205	28 
206	22 
207	14 
208	14 
209	10 
210	29 
211	29 
212	10 
213	16 
214	18 
215	2 
216	8 
217	15 
218	3 
219	4 
220	19 
221	19 
222	23 
223	29 
224	26 
225	15 
226	19 
227	18 
228	3 
229	30 
230	13 
231	2 
232	22 
233	31 
234	6 
235	12 
236	19 
237	28 
238	28 
239	4 
240	12 
241	29 
242	24 
243	4 
244	12 
245	21 
246	26 
247	29 
248	26 
249	3 
250	6 
251	31 
252	21 
253	7 
254	7 
255	16 
256	15 
257	26 
258	4 
259	27 
260	11 
261	25 
262	14 
263	6 
264	6 
265	9 
266	30 
267	14 
268	12 
269	30 
270	10 
271	29 
272	6 
273	15 
274	6 
275	6 
276	20 
277	16 
278	24 
279	30 
280	16 
281	30 
282	4 
283	21 
284	15 
285	24 
286	4 
287	9 
288	3 
289	28 
290	6 
291	26 
292	24 
293	8 
294	24 
295	26 
296	27 
297	2 
298	1 
299	28 
300	9 
301	26 
302	2 
303	18 
304	5 
305	12 
306	20 
307	2 
308	12 
309	17 
310	26 
311	17 
312	29 
313	12 
314	21 
315	15 
316	17 
317	13 
318	26 
319	4 
320	13 
321	13 
322	9 
323	3 
324	15 
325	11 
326	7 
327	9 
328	23 
329	22 
330	29 
331	25 
332	1 
333	30 
334	6 
335	20 
336	26 
337	17 
338	22 
339	27 
340	14 
341	19 
342	24 
343	1 
344	26 
345	30 
346	24 
347	11 
348	28 
349	30 
350	16 
351	30 
352	1 
353	11 
354	14 
355	1 
356	15 
357	15 
358	19 
359	12 
360	31 
361	5 
362	25 
363	6 
364	11 
365	1 
366	29 
367	7 
368	12 
369	27 
370	25 
371	10 
372	22 
373	8 
374	19 
375	26 
376	27 
377	1 
378	6 
379	25 
380	26 
381	12 
382	27 
383	27 
384	6 
385	20 
386	5 
387	2 
388	11 
389	26 
390	18 
391	3 
392	6 
393	4 
394	16 
395	2 
396	12 
397	21 
398	24 
399	18 
400	6 
401	7 
402	9 
403	17 
404	14 
405	7 
406	28 
407	2 
408	25 
409	23 
410	22 
411	29 
412	9 
413	14 
414	23 
415	6 
416	7 
417	17 
418	8 
419	15 
420	15 
421	24 
422	6 
423	14 
424	24 
425	4 
426	13 
427	6 
428	7 
429	13 
430	12 
431	19 
432	10 
433	2 
434	19 
435	15 
436	21 
437	9 
438	2 
439	30 
440	16 
441	13 
442	20 
443	28 
444	11 
445	5 
446	15 
447	8 
448	17 
449	6 
450	20 
451	1 
452	10 
453	12 
454	13 
455	16 
456	13 
457	13 
458	1 
459	12 
460	26 
461	30 
462	21 
463	12 
464	9 
465	31 
466	17 
467	26 
468	23 
469	6 
470	26 
471	11 
472	6 
473	17 
474	15 
475	9 
476	5 
477	7 
478	30 
479	29 
480	14 
481	21 
482	6 
483	18 
484	3 
485	9 
486	31 
487	19 
488	22 
489	3 
490	12 
491	10 
492	11 
493	2 
494	1 
495	31 
496	19 
497	17 
498	12 
499	14 
500	3 
501	15 
502	18 
503	25 
504	13 
505	29 
506	25 
507	6 
508	30 
509	3 
510	7 
511	26 
512	28 
513	8 
514	27 
515	12 
516	19 
517	21 
518	1 
519	11 
520	25 
521	10 
522	20 
523	19 
524	30 
525	3 
526	26 
527	13 
528	27 
529	16 
530	31 
531	9 
532	5 
533	3 
534	29 
535	16 
536	30 
537	7 
538	13 
539	20 
540	17 
541	21 
542	17 
543	15 
544	20 
545	25 
546	6 
547	30 
548	19 
549	3 
550	8 
551	24 
552	6 
553	13 
554	24 
555	12 
556	3 
557	23 
558	13 
559	20 
560	9 
561	30 
562	19 
563	4 
564	9 
565	18 
566	12 
567	10 
568	1 
569	28 
570	14 
571	15 
572	25 
573	3 
574	15 
575	21 
576	12 
577	26 
578	24 
579	31 
580	31 
581	18 
582	9 
583	16 
584	14 
585	14 
586	19 
587	9 
588	6 
589	26 
590	28 
591	28 
592	16 
593	10 
594	7 
595	12 
596	19 
597	24 
598	15 
599	7 
600	23 
601	14 
602	6 
603	23 
604	22 
605	23 
606	2 
607	5 
608	17 
609	31 
610	12 
611	17 
612	7 
613	18 
614	6 
615	5 
616	21 
617	19 
618	14 
619	1 
620	13 
621	15 
622	7 
623	25 
624	24 
625	15 
626	18 
627	19 
628	30 
629	14 
630	2 
631	3 
632	28 
633	4 
634	19 
635	1 
636	29 
637	17 
638	22 
639	30 
640	1 
641	10 
642	8 
643	15 
644	13 
645	23 
646	20 
647	6 
648	8 
649	15 
650	20 
651	9 
652	20 
653	9 
654	20 
655	26 
656	21 
657	23 
658	6 
659	1 
660	24 
661	31 
662	7 
663	15 
664	11 
665	7 
666	16 
667	13 
668	11 
669	22 
670	23 
671	21 
672	12 
673	11 
674	30 
675	31 
676	9 
677	7 
678	17 
679	21 
680	20 
681	30 
682	25 
683	11 
684	16 
685	31 
686	8 
687	16 
688	29 
689	28 
690	16 
691	14 
692	15 
693	8 
694	3 
695	19 
696	8 
697	21 
698	20 
699	28 
700	22 
701	10 
702	28 
703	19 
704	5 
705	24 
706	19 
707	28 
708	24 
709	22 
710	9 
711	2 
712	26 
713	5 
714	10 
715	1 
716	2 
717	20 
718	11 
719	25 
720	19 
721	31 
722	8 
723	19 
724	10 
725	28 
726	30 
727	3 
728	8 
729	27 
730	29 
731	26 
732	1 
733	15 
734	2 
735	17 
736	21 
737	13 
738	16 
739	19 
740	4 
741	18 
742	12 
743	12 
744	28 
745	10 
746	17 
747	20 
748	21 
749	27 
750	22 
751	2 
752	25 
753	25 
754	23 
755	26 
756	26 
757	26 
758	1 
759	22 
760	21 
761	2 
762	4 
763	17 
764	28 
765	1 
766	28 
767	10 
768	26 
769	28 
770	10 
771	12 
772	22 
773	17 
774	10 
775	14 
776	5 
777	18 
778	5 
779	13 
780	21 
781	29 
782	16 
783	29 
784	18 
785	14 
786	12 
787	24 
788	28 
789	21 
790	31 
791	28 
792	14 
793	5 
794	10 
795	1 
796	15 
797	21 
798	13 
799	8 
800	4 
801	7 
802	20 
803	31 
804	12 
805	6 
806	17 
807	30 
808	7 
809	17 
810	26 
811	20 
812	7 
813	11 
814	24 
815	19 
816	12 
817	27 
818	30 
819	28 
820	18 
821	8 
822	6 
823	20 
824	5 
825	19 
826	11 
827	20 
828	12 
829	8 
830	14 
831	20 
832	7 
833	12 
834	12 
835	29 
836	4 
837	19 
838	12 
839	21 
840	21 
841	18 
842	23 
843	26 
844	5 
845	7 
846	4 
847	4 
848	9 
849	20 
850	27 
851	24 
852	18 
853	23 
854	9 
855	26 
856	29 
857	9 
858	30 
859	17 
860	29 
861	1 
862	12 
863	20 
864	30 
865	14 
866	2 
867	15 
868	23 
869	11 
870	9 
871	15 
872	27 
873	12 
874	12 
875	14 
876	31 
877	11 
878	21 
879	4 
880	15 
881	1 
882	17 
883	20 
884	27 
885	2 
886	28 
887	9 
888	17 
889	13 
890	8 
891	15 
892	17 
893	10 
894	8 
895	29 
896	29 
897	23 
898	26 
899	28 
900	19 
901	29 
902	21 
903	16 
904	21 
905	25 
906	16 
907	7 
908	25 
909	19 
910	30 
911	16 
912	28 
913	9 
914	25 
915	14 
916	12 
917	19 
918	20 
919	19 
920	14 
921	27 
922	13 
923	25 
924	25 
925	9 
926	16 
927	15 
928	13 
929	21 
930	15 
931	25 
932	9 
933	20 
934	14 
935	16 
936	12 
937	7 
938	26 
939	6 
940	28 
941	26 
942	19 
943	20 
944	6 
945	16 
946	28 
947	29 
948	21 
949	6 
950	28 
951	28 
952	7 
953	16 
954	15 
955	21 
956	28 
957	30 
958	26 
959	1 
960	13 
961	21 
962	30 
963	7 
964	1 
965	12 
966	16 
967	9 
968	29 
969	7 
970	7 
971	15 
972	9 
973	1 
974	9 
975	30 
976	14 
977	14 
978	21 
979	21 
980	21 
981	6 
982	28 
983	15 
984	26 
985	26 
986	21 
987	7 
988	19 
989	14 
990	28 
991	9 
992	6 
993	6 
994	15 
995	9 
996	21 
997	6 
998	14 
999	28 
1000	28 
