1	17 
2	29 
3	4 
4	24 
5	14 
6	8 
7	2 
8	12 
9	5 
10	27 
11	8 
12	18 
13	14 
14	18 
15	19 
16	7 
17	9 
18	16 
19	3 
20	14 
21	20 
22	6 
23	25 
24	11 
25	25 
26	15 
27	23 
28	13 
29	12 
30	19 
31	10 
32	9 
33	14 
34	30 
35	17 
36	16 
37	21 
38	19 
39	20 
40	23 
41	30 
42	6 
43	27 
44	20 
45	6 
46	2 
47	10 
48	1 
49	11 
50	24 
51	6 
52	4 
53	28 
54	19 
55	1 
56	3 
57	27 
58	14 
59	16 
60	7 
61	14 
62	11 
63	11 
64	4 
65	1 
66	21 
67	29 
68	26 
69	18 
70	1 
71	10 
72	9 
73	21 
74	25 
75	30 
76	9 
77	9 
78	1 
79	12 
80	3 
81	24 
82	8 
83	22 
84	7 
85	19 
86	30 
87	11 
88	29 
89	15 
90	30 
91	22 
92	5 
93	28 
94	6 
95	3 
96	4 
97	24 
98	21 
99	21 
100	4 
101	28 
102	26 
103	29 
104	5 
105	30 
106	9 
107	19 
108	19 
109	16 
110	26 
111	29 
112	3 
113	5 
114	21 
115	20 
116	30 
117	8 
118	10 
119	21 
120	6 
121	22 
122	26 
123	30 
124	29 
125	6 
126	21 
127	12 
128	24 
129	16 
130	20 
131	12 
132	5 
133	7 
134	29 
135	11 
136	2 
137	3 
138	17 
139	9 
140	26 
141	27 
142	22 
143	28 
144	3 
145	22 
146	18 
147	26 
148	23 
149	12 
150	30 
151	26 
152	30 
153	21 
154	19 
155	11 
156	12 
157	4 
158	6 
159	15 
160	26 
161	13 
162	21 
163	4 
164	10 
165	15 
166	24 
167	29 
168	6 
169	22 
170	9 
171	11 
172	1 
173	1 
174	14 
175	26 
176	28 
177	6 
178	2 
179	11 
180	21 
181	27 
182	25 
183	25 
184	2 
185	29 
186	29 
187	9 
188	8 
189	21 
190	17 
191	21 
192	21 
193	29 
194	9 
195	8 
196	23 
197	29 
198	7 
199	29 
200	16 
201	8 
202	25 
203	30 
204	4 
205	23 
206	25 
207	19 
208	18 
209	16 
210	19 
211	15 
212	10 
213	11 
214	25 
215	24 
216	2 
217	9 
218	18 
219	9 
220	16 
221	3 
222	16 
223	30 
224	29 
225	22 
226	4 
227	29 
228	23 
229	21 
230	14 
231	23 
232	13 
233	9 
234	21 
235	30 
236	28 
237	10 
238	26 
239	24 
240	15 
241	28 
242	24 
243	11 
244	2 
245	5 
246	25 
247	28 
248	26 
249	7 
250	30 
251	11 
252	18 
253	5 
254	30 
255	4 
256	9 
257	27 
258	18 
259	18 
260	29 
261	7 
262	29 
263	3 
264	2 
265	8 
266	29 
267	1 
268	9 
269	30 
270	9 
271	28 
272	1 
273	10 
274	11 
275	23 
276	26 
277	9 
278	18 
279	9 
280	4 
281	23 
282	14 
283	4 
284	9 
285	24 
286	30 
287	25 
288	12 
289	14 
290	3 
291	10 
292	20 
293	1 
294	18 
295	20 
296	11 
297	6 
298	1 
299	26 
300	22 
301	5 
302	2 
303	29 
304	5 
305	23 
306	21 
307	16 
308	29 
309	26 
310	29 
311	27 
312	14 
313	9 
314	28 
315	10 
316	10 
317	2 
318	29 
319	9 
320	29 
321	19 
322	9 
323	15 
324	15 
325	8 
326	25 
327	11 
328	7 
329	2 
330	20 
331	27 
332	18 
333	8 
334	25 
335	20 
336	23 
337	10 
338	7 
339	1 
340	19 
341	8 
342	30 
343	13 
344	13 
345	29 
346	11 
347	10 
348	16 
349	16 
350	16 
351	19 
352	1 
353	19 
354	29 
355	6 
356	12 
357	11 
358	8 
359	12 
360	13 
361	11 
362	22 
363	25 
364	29 
365	12 
366	4 
367	15 
368	13 
369	5 
370	13 
371	12 
372	8 
373	1 
374	23 
375	22 
376	17 
377	27 
378	22 
379	1 
380	14 
381	4 
382	8 
383	30 
384	29 
385	26 
386	2 
387	28 
388	3 
389	2 
390	8 
391	22 
392	15 
393	30 
394	24 
395	24 
396	6 
397	23 
398	28 
399	26 
400	26 
401	26 
402	15 
403	23 
404	10 
405	6 
406	20 
407	29 
408	5 
409	15 
410	12 
411	11 
412	11 
413	18 
414	9 
415	1 
416	15 
417	8 
418	30 
419	13 
420	18 
421	24 
422	20 
423	6 
424	9 
425	5 
426	15 
427	19 
428	1 
429	2 
430	11 
431	11 
432	10 
433	17 
434	30 
435	3 
436	19 
437	19 
438	1 
439	29 
440	2 
441	19 
442	23 
443	2 
444	17 
445	18 
446	26 
447	7 
448	5 
449	17 
450	2 
451	28 
452	22 
453	16 
454	13 
455	10 
456	19 
457	19 
458	25 
459	22 
460	13 
461	18 
462	25 
463	12 
464	10 
465	26 
466	11 
467	21 
468	20 
469	15 
470	20 
471	11 
472	6 
473	27 
474	21 
475	19 
476	20 
477	22 
478	10 
479	27 
480	18 
481	5 
482	6 
483	11 
484	20 
485	25 
486	27 
487	21 
488	20 
489	17 
490	14 
491	30 
492	26 
493	25 
494	26 
495	12 
496	29 
497	4 
498	28 
499	27 
500	24 
501	7 
502	7 
503	27 
504	3 
505	11 
506	23 
507	20 
508	15 
509	7 
510	30 
511	19 
512	30 
513	26 
514	20 
515	19 
516	1 
517	12 
518	27 
519	12 
520	3 
521	23 
522	8 
523	18 
524	1 
525	18 
526	17 
527	9 
528	2 
529	26 
530	18 
531	25 
532	29 
533	28 
534	4 
535	29 
536	2 
537	29 
538	13 
539	16 
540	5 
541	22 
542	24 
543	9 
544	26 
545	12 
546	27 
547	15 
548	17 
549	9 
550	30 
551	13 
552	6 
553	15 
554	15 
555	15 
556	19 
557	6 
558	11 
559	14 
560	4 
561	11 
562	10 
563	10 
564	22 
565	8 
566	15 
567	7 
568	12 
569	19 
570	26 
571	13 
572	8 
573	21 
574	29 
575	24 
576	27 
577	1 
578	29 
579	11 
580	20 
581	12 
582	17 
583	2 
584	18 
585	27 
586	10 
587	6 
588	26 
589	6 
590	18 
591	9 
592	11 
593	25 
594	16 
595	6 
596	8 
597	15 
598	11 
599	19 
600	16 
601	10 
602	11 
603	29 
604	12 
605	24 
606	19 
607	23 
608	13 
609	14 
610	15 
611	19 
612	21 
613	3 
614	10 
615	10 
616	23 
617	7 
618	16 
619	16 
620	30 
621	23 
622	12 
623	15 
624	22 
625	24 
626	7 
627	18 
628	17 
629	19 
630	29 
631	15 
632	17 
633	15 
634	12 
635	23 
636	28 
637	5 
638	8 
639	14 
640	21 
641	4 
642	19 
643	10 
644	26 
645	6 
646	8 
647	2 
648	18 
649	17 
650	26 
651	27 
652	25 
653	6 
654	9 
655	16 
656	4 
657	28 
658	29 
659	15 
660	1 
661	27 
662	2 
663	16 
664	6 
665	7 
666	2 
667	16 
668	6 
669	22 
670	5 
671	10 
672	8 
673	26 
674	11 
675	19 
676	18 
677	17 
678	28 
679	11 
680	9 
681	29 
682	1 
683	6 
684	14 
685	23 
686	10 
687	5 
688	5 
689	14 
690	19 
691	1 
692	24 
693	25 
694	11 
695	7 
696	20 
697	6 
698	19 
699	11 
700	13 
701	25 
702	7 
703	4 
704	24 
705	10 
706	9 
707	5 
708	22 
709	1 
710	1 
711	19 
712	7 
713	6 
714	28 
715	3 
716	10 
717	14 
718	7 
719	24 
720	20 
721	26 
722	10 
723	20 
724	29 
725	18 
726	29 
727	27 
728	1 
729	17 
730	27 
731	20 
732	3 
733	7 
734	5 
735	22 
736	6 
737	11 
738	10 
739	18 
740	6 
741	18 
742	7 
743	30 
744	16 
745	12 
746	2 
747	16 
748	9 
749	17 
750	7 
751	10 
752	28 
753	16 
754	4 
755	19 
756	26 
757	27 
758	9 
759	5 
760	27 
761	6 
762	7 
763	6 
764	12 
765	3 
766	23 
767	7 
768	18 
769	5 
770	21 
771	10 
772	21 
773	24 
774	10 
775	6 
776	6 
777	2 
778	5 
779	17 
780	26 
781	25 
782	10 
783	19 
784	3 
785	3 
786	19 
787	24 
788	21 
789	29 
790	22 
791	16 
792	18 
793	22 
794	13 
795	25 
796	11 
797	4 
798	21 
799	2 
800	13 
801	13 
802	22 
803	22 
804	28 
805	3 
806	13 
807	13 
808	4 
809	4 
810	11 
811	4 
812	20 
813	6 
814	4 
815	5 
816	16 
817	24 
818	8 
819	8 
820	12 
821	7 
822	19 
823	14 
824	6 
825	5 
826	5 
827	13 
828	14 
829	26 
830	9 
831	30 
832	11 
833	7 
834	29 
835	22 
836	15 
837	10 
838	22 
839	11 
840	29 
841	10 
842	27 
843	7 
844	1 
845	8 
846	7 
847	1 
848	23 
849	22 
850	17 
851	5 
852	13 
853	15 
854	17 
855	16 
856	22 
857	28 
858	17 
859	26 
860	10 
861	2 
862	21 
863	28 
864	18 
865	22 
866	14 
867	2 
868	12 
869	6 
870	2 
871	7 
872	3 
873	30 
874	17 
875	18 
876	11 
877	17 
878	7 
879	17 
880	8 
881	13 
882	8 
883	15 
884	6 
885	5 
886	25 
887	4 
888	12 
889	23 
890	17 
891	12 
892	13 
893	11 
894	25 
895	20 
896	24 
897	29 
898	21 
899	24 
900	29 
901	15 
902	9 
903	28 
904	16 
905	12 
906	12 
907	26 
908	11 
909	28 
910	18 
911	25 
912	5 
913	26 
914	23 
915	26 
916	11 
917	2 
918	17 
919	30 
920	2 
921	10 
922	16 
923	19 
924	2 
925	26 
926	9 
927	5 
928	5 
929	1 
930	30 
931	4 
932	2 
933	17 
934	1 
935	10 
936	23 
937	19 
938	25 
939	22 
940	29 
941	22 
942	17 
943	4 
944	4 
945	17 
946	11 
947	23 
948	30 
949	10 
950	7 
951	23 
952	5 
953	23 
954	6 
955	7 
956	7 
957	15 
958	23 
959	15 
960	6 
961	11 
962	19 
963	12 
964	10 
965	15 
966	10 
967	23 
968	18 
969	30 
970	23 
971	2 
972	23 
973	5 
974	26 
975	5 
976	29 
977	6 
978	23 
979	2 
980	30 
981	6 
982	9 
983	7 
984	23 
985	11 
986	19 
987	6 
988	9 
989	29 
990	29 
991	26 
992	19 
993	11 
994	9 
995	10 
996	19 
997	9 
998	19 
999	26 
1000	10 
