1	3 
2	23 
3	7 
4	26 
5	2 
6	20 
7	19 
8	1 
9	24 
10	29 
11	24 
12	15 
13	27 
14	3 
15	2 
16	4 
17	7 
18	10 
19	11 
20	12 
21	22 
22	1 
23	13 
24	25 
25	30 
26	17 
27	15 
28	7 
29	2 
30	23 
31	9 
32	10 
33	14 
34	14 
35	3 
36	9 
37	10 
38	26 
39	9 
40	18 
41	18 
42	16 
43	25 
44	30 
45	4 
46	14 
47	25 
48	22 
49	21 
50	10 
51	21 
52	14 
53	23 
54	6 
55	19 
56	30 
57	9 
58	25 
59	4 
60	7 
61	15 
62	14 
63	4 
64	13 
65	30 
66	15 
67	14 
68	7 
69	23 
70	28 
71	18 
72	5 
73	13 
74	4 
75	25 
76	20 
77	16 
78	17 
79	28 
80	15 
81	17 
82	1 
83	18 
84	29 
85	24 
86	5 
87	25 
88	26 
89	8 
90	9 
91	29 
92	6 
93	3 
94	21 
95	4 
96	15 
97	11 
98	25 
99	19 
100	5 
101	29 
102	26 
103	2 
104	22 
105	11 
106	8 
107	7 
108	20 
109	25 
110	2 
111	14 
112	9 
113	16 
114	7 
115	3 
116	19 
117	11 
118	12 
119	15 
120	30 
121	1 
122	22 
123	1 
124	3 
125	25 
126	6 
127	19 
128	30 
129	22 
130	4 
131	12 
132	22 
133	9 
134	4 
135	4 
136	5 
137	24 
138	28 
139	22 
140	20 
141	30 
142	21 
143	10 
144	1 
145	20 
146	19 
147	29 
148	14 
149	9 
150	15 
151	28 
152	27 
153	18 
154	29 
155	24 
156	15 
157	2 
158	13 
159	10 
160	29 
161	9 
162	21 
163	4 
164	22 
165	22 
166	26 
167	29 
168	29 
169	15 
170	6 
171	23 
172	18 
173	15 
174	18 
175	22 
176	25 
177	12 
178	24 
179	28 
180	10 
181	3 
182	6 
183	27 
184	30 
185	7 
186	12 
187	19 
188	6 
189	27 
190	17 
191	21 
192	1 
193	9 
194	12 
195	26 
196	16 
197	1 
198	3 
199	13 
200	4 
201	1 
202	11 
203	7 
204	6 
205	15 
206	10 
207	18 
208	12 
209	16 
210	3 
211	3 
212	10 
213	7 
214	19 
215	4 
216	20 
217	4 
218	25 
219	27 
220	24 
221	24 
222	10 
223	15 
224	23 
225	18 
226	11 
227	3 
228	20 
229	15 
230	23 
231	7 
232	9 
233	6 
234	16 
235	7 
236	4 
237	2 
238	2 
239	9 
240	13 
241	2 
242	2 
243	24 
244	11 
245	1 
246	15 
247	16 
248	26 
249	20 
250	25 
251	13 
252	4 
253	20 
254	9 
255	3 
256	27 
257	27 
258	22 
259	28 
260	18 
261	22 
262	5 
263	15 
264	8 
265	22 
266	10 
267	24 
268	9 
269	8 
270	30 
271	1 
272	18 
273	9 
274	29 
275	26 
276	12 
277	4 
278	11 
279	26 
280	26 
281	21 
282	30 
283	9 
284	30 
285	17 
286	19 
287	4 
288	17 
289	20 
290	17 
291	8 
292	29 
293	4 
294	6 
295	4 
296	29 
297	24 
298	12 
299	8 
300	21 
301	25 
302	8 
303	22 
304	9 
305	28 
306	3 
307	12 
308	1 
309	14 
310	8 
311	27 
312	7 
313	6 
314	22 
315	17 
316	19 
317	11 
318	26 
319	3 
320	10 
321	18 
322	16 
323	11 
324	15 
325	2 
326	4 
327	19 
328	23 
329	18 
330	7 
331	13 
332	18 
333	4 
334	16 
335	12 
336	6 
337	25 
338	8 
339	18 
340	26 
341	3 
342	27 
343	14 
344	5 
345	6 
346	5 
347	9 
348	23 
349	16 
350	2 
351	10 
352	13 
353	2 
354	13 
355	15 
356	23 
357	6 
358	13 
359	16 
360	10 
361	17 
362	16 
363	1 
364	26 
365	12 
366	15 
367	12 
368	20 
369	9 
370	1 
371	21 
372	9 
373	29 
374	18 
375	8 
376	29 
377	8 
378	30 
379	20 
380	27 
381	13 
382	7 
383	24 
384	14 
385	23 
386	20 
387	15 
388	6 
389	11 
390	3 
391	8 
392	2 
393	16 
394	25 
395	29 
396	22 
397	15 
398	19 
399	23 
400	16 
401	29 
402	30 
403	21 
404	7 
405	13 
406	28 
407	26 
408	2 
409	20 
410	18 
411	11 
412	18 
413	8 
414	30 
415	27 
416	29 
417	10 
418	26 
419	29 
420	21 
421	14 
422	11 
423	25 
424	4 
425	9 
426	15 
427	11 
428	1 
429	15 
430	28 
431	20 
432	7 
433	5 
434	10 
435	30 
436	18 
437	2 
438	25 
439	27 
440	24 
441	19 
442	6 
443	21 
444	9 
445	25 
446	23 
447	17 
448	14 
449	11 
450	4 
451	5 
452	22 
453	22 
454	26 
455	9 
456	2 
457	14 
458	22 
459	25 
460	25 
461	13 
462	16 
463	14 
464	7 
465	6 
466	8 
467	17 
468	17 
469	18 
470	18 
471	11 
472	22 
473	22 
474	4 
475	14 
476	20 
477	26 
478	5 
479	30 
480	7 
481	15 
482	1 
483	26 
484	25 
485	8 
486	13 
487	13 
488	8 
489	7 
490	12 
491	15 
492	30 
493	3 
494	30 
495	17 
496	17 
497	4 
498	30 
499	17 
500	13 
501	4 
502	15 
503	16 
504	12 
505	20 
506	5 
507	28 
508	25 
509	16 
510	4 
511	20 
512	4 
513	4 
514	21 
515	1 
516	9 
517	25 
518	2 
519	8 
520	25 
521	19 
522	17 
523	18 
524	20 
525	7 
526	3 
527	2 
528	14 
529	11 
530	11 
531	1 
532	7 
533	28 
534	14 
535	6 
536	12 
537	5 
538	21 
539	10 
540	30 
541	20 
542	25 
543	28 
544	14 
545	6 
546	22 
547	13 
548	5 
549	17 
550	18 
551	13 
552	17 
553	9 
554	29 
555	20 
556	14 
557	26 
558	2 
559	8 
560	18 
561	27 
562	30 
563	26 
564	4 
565	22 
566	30 
567	8 
568	8 
569	18 
570	26 
571	2 
572	22 
573	22 
574	5 
575	4 
576	5 
577	16 
578	22 
579	19 
580	1 
581	21 
582	18 
583	19 
584	13 
585	29 
586	19 
587	26 
588	16 
589	3 
590	9 
591	4 
592	27 
593	15 
594	2 
595	14 
596	20 
597	30 
598	5 
599	30 
600	22 
601	23 
602	8 
603	25 
604	3 
605	23 
606	4 
607	23 
608	20 
609	20 
610	4 
611	26 
612	29 
613	4 
614	22 
615	30 
616	18 
617	28 
618	25 
619	7 
620	29 
621	9 
622	29 
623	18 
624	7 
625	28 
626	30 
627	22 
628	28 
629	18 
630	4 
631	19 
632	14 
633	23 
634	18 
635	22 
636	16 
637	7 
638	1 
639	9 
640	28 
641	16 
642	18 
643	23 
644	22 
645	2 
646	18 
647	4 
648	29 
649	6 
650	14 
651	7 
652	28 
653	13 
654	29 
655	2 
656	23 
657	21 
658	21 
659	26 
660	30 
661	14 
662	26 
663	7 
664	11 
665	24 
666	28 
667	10 
668	30 
669	8 
670	30 
671	1 
672	14 
673	8 
674	4 
675	14 
676	15 
677	1 
678	1 
679	12 
680	4 
681	3 
682	28 
683	2 
684	10 
685	12 
686	19 
687	22 
688	17 
689	19 
690	5 
691	14 
692	29 
693	18 
694	29 
695	4 
696	20 
697	30 
698	9 
699	25 
700	26 
701	23 
702	15 
703	14 
704	4 
705	6 
706	27 
707	20 
708	23 
709	3 
710	24 
711	29 
712	9 
713	6 
714	4 
715	23 
716	24 
717	4 
718	5 
719	11 
720	29 
721	25 
722	27 
723	7 
724	3 
725	11 
726	26 
727	13 
728	28 
729	6 
730	17 
731	26 
732	10 
733	22 
734	2 
735	20 
736	1 
737	28 
738	26 
739	15 
740	13 
741	29 
742	24 
743	9 
744	24 
745	29 
746	7 
747	12 
748	25 
749	10 
750	2 
751	29 
752	28 
753	7 
754	6 
755	28 
756	14 
757	3 
758	9 
759	29 
760	11 
761	29 
762	24 
763	16 
764	8 
765	23 
766	7 
767	7 
768	25 
769	27 
770	16 
771	5 
772	15 
773	19 
774	28 
775	5 
776	26 
777	5 
778	18 
779	14 
780	15 
781	25 
782	9 
783	28 
784	2 
785	18 
786	25 
787	18 
788	11 
789	17 
790	2 
791	11 
792	7 
793	3 
794	21 
795	19 
796	2 
797	12 
798	24 
799	20 
800	11 
801	27 
802	11 
803	20 
804	27 
805	20 
806	2 
807	30 
808	26 
809	19 
810	9 
811	1 
812	25 
813	25 
814	26 
815	1 
816	25 
817	1 
818	7 
819	28 
820	28 
821	13 
822	13 
823	8 
824	11 
825	2 
826	21 
827	29 
828	18 
829	3 
830	19 
831	7 
832	5 
833	5 
834	1 
835	13 
836	9 
837	28 
838	28 
839	27 
840	25 
841	18 
842	22 
843	27 
844	27 
845	10 
846	30 
847	2 
848	3 
849	16 
850	21 
851	30 
852	22 
853	14 
854	25 
855	25 
856	18 
857	26 
858	28 
859	22 
860	22 
861	13 
862	23 
863	4 
864	29 
865	30 
866	26 
867	14 
868	20 
869	21 
870	15 
871	23 
872	18 
873	20 
874	26 
875	9 
876	14 
877	29 
878	15 
879	21 
880	4 
881	11 
882	28 
883	1 
884	16 
885	11 
886	10 
887	11 
888	13 
889	28 
890	9 
891	29 
892	3 
893	4 
894	27 
895	23 
896	11 
897	26 
898	2 
899	26 
900	17 
901	9 
902	6 
903	5 
904	22 
905	12 
906	6 
907	12 
908	23 
909	27 
910	7 
911	21 
912	11 
913	21 
914	4 
915	2 
916	9 
917	9 
918	21 
919	22 
920	15 
921	26 
922	3 
923	2 
924	17 
925	27 
926	7 
927	15 
928	30 
929	18 
930	14 
931	29 
932	14 
933	20 
934	15 
935	5 
936	7 
937	23 
938	22 
939	15 
940	8 
941	28 
942	6 
943	7 
944	2 
945	29 
946	29 
947	26 
948	23 
949	29 
950	11 
951	1 
952	13 
953	26 
954	26 
955	15 
956	14 
957	8 
958	9 
959	30 
960	23 
961	25 
962	14 
963	30 
964	23 
965	11 
966	22 
967	29 
968	11 
969	15 
970	6 
971	7 
972	9 
973	22 
974	13 
975	22 
976	6 
977	4 
978	15 
979	18 
980	28 
981	23 
982	22 
983	13 
984	30 
985	20 
986	6 
987	26 
988	25 
989	25 
990	25 
991	30 
992	9 
993	15 
994	29 
995	4 
996	11 
997	23 
998	15 
999	20 
1000	30 
